,X,idx,beta,pval,cilb,ciub,i2,tau2,symbol
2,ENSG00000080503.18,25652,-0.787596765752443,3.81474554666201e-22,-0.947132404000314,-0.628061127504573,96.1865950943333,0.133108244098486,SMARCA2
4,ENSG00000198300.11,44641,-2.57996245166239,3.92155406826697e-20,-3.13018334932206,-2.02974155400272,98.0939775694005,1.66328296524052,PEG3
5,ENSG00000069702.9,49098,-2.0401642344462,4.18658064448683e-20,-2.47559739527902,-1.60473107361339,98.0896305660232,1.04675069868881,TGFBR3
6,ENSG00000119508.16,34408,-2.11638960100743,1.13453300072303e-19,-2.57346388516476,-1.6593153168501,90.5981333926954,1.0076605956285,NR4A3
10,ENSG00000165795.19,10785,-1.51181859296966,1.46592552140668e-17,-1.8592016139868,-1.16443557195251,98.4585777381738,0.680418355614116,NDRG2
11,ENSG00000197579.6,59244,-0.314871354898209,2.25884570289167e-17,-0.387649945116738,-0.24209276467968,88.0252130450674,0.0237083638685023,TOPORS
12,ENSG00000128918.13,42281,-2.27803326060442,4.11454692022213e-17,-2.8089585969601,-1.74710792424874,97.6331778624665,1.54433155444549,ALDH1A2
13,ENSG00000122035.6,21351,-1.28036413042888,6.20706377820025e-17,-1.58049572043188,-0.980232540425871,95.6442556241598,0.452749261331877,RASL11A
15,ENSG00000166091.18,34473,-4.16417594033994,3.11383812686119e-16,-5.16329462640545,-3.16505725427443,98.2276627478858,5.53206153765089,CMTM5
23,ENSG00000107562.15,53265,-2.22944138685281,8.76836174195133e-15,-2.79283130657112,-1.66605146713449,98.5778032849832,1.80971344802829,CXCL12
26,ENSG00000185345.17,9202,-1.5949647066339,2.37196766360718e-14,-2.00474457023305,-1.18518484303475,98.7035517568093,0.944912699573091,PARK2
29,ENSG00000266412.4,50628,-0.523030048649459,3.55649184877486e-14,-0.658336860717235,-0.387723236581684,95.3808838946323,0.0971258201246793,NCOA4
30,ENSG00000077092.17,4848,-0.789103323322233,7.52240621460457e-14,-0.995913723245786,-0.582292923398681,92.2454784771852,0.19784537282973,RARB
31,ENSG00000184481.15,33783,-0.820922111741555,1.44230897766356e-13,-1.03857586172938,-0.603268361753731,98.1428524471519,0.264863225588239,FOXO4
32,ENSG00000120057.4,55125,-3.8537469559051,1.71174159412162e-13,-4.87866444269001,-2.82882946912019,96.2323951350622,5.6260585425158,SFRP5
36,ENSG00000104332.10,56547,-3.64876368994943,5.86357687749828e-13,-4.64152122646555,-2.65600615343331,98.9961653409944,5.60534337346692,SFRP1
37,ENSG00000205364.3,40890,-2.86294440818661,6.22391201314063e-13,-3.64277619359243,-2.08311262278078,97.9447298120196,3.31339292936671,MT1M
38,ENSG00000119147.8,53607,-3.74975573351744,6.80688623632369e-13,-4.77288269586847,-2.72662877116641,98.9402444394819,5.95238487354278,C2orf40
39,ENSG00000113594.8,45478,-2.06665607946482,6.9748589263056e-13,-2.63080825205406,-1.50250390687557,98.8997538870858,1.78077330975993,LIFR
40,ENSG00000144891.16,44206,-3.14299938468165,7.02271787771105e-13,-4.00108161547351,-2.28491715388979,98.8090336749455,4.14833726324784,AGTR1
41,ENSG00000144655.13,33591,-1.32789111212084,8.68092236059604e-13,-1.69189625729659,-0.963885966945101,96.5273612879379,0.719932181776824,CSRNP1
43,ENSG00000184226.13,25365,-2.58175946072779,1.2856186794794e-12,-3.29487457296699,-1.86864434848858,98.4806844637114,2.89557796661031,PCDH9
46,ENSG00000215301.8,30228,-0.327891864407208,1.57762454294825e-12,-0.418823206730185,-0.236960522084231,86.8860435494132,0.0366084403955345,DDX3X
49,ENSG00000120738.7,39837,-1.65202733855141,2.00169256054429e-12,-2.11232669551309,-1.19172798158972,95.5064441266816,1.13218785507618,EGR1
52,ENSG00000196914.7,23333,-0.430379664023949,5.37294912905414e-12,-0.552712499613061,-0.308046828434836,91.9630427818548,0.0690696965722553,ARHGEF12
53,ENSG00000148481.12,51461,-0.454814963013314,6.67777836191938e-12,-0.584676676909039,-0.32495324911759,96.6425351754103,0.0927702707329643,FAM188A
54,ENSG00000172403.9,14122,-2.39130133002675,7.7000323985954e-12,-3.07611280244169,-1.7064898576118,98.6303351276532,2.5580121117697,SYNPO2
55,ENSG00000104219.11,54792,-0.802258411439812,7.86105318300397e-12,-1.03210555499048,-0.572411267889143,96.4597769905438,0.277513408801834,ZDHHC2
56,ENSG00000120129.5,26784,-1.56883739874348,9.52529105035874e-12,-2.02012751030013,-1.11754728718682,97.5042440264851,1.10149440869929,DUSP1
57,ENSG00000168702.15,56823,-2.617353722963,1.04018407385571e-11,-3.37166155648032,-1.86304588944569,97.1036190170887,2.99704436349163,LRP1B
59,ENSG00000155090.13,57042,-0.757698695400052,1.54867531518468e-11,-0.97792767848099,-0.537469712319113,92.9337010270872,0.234249195173583,KLF10
60,ENSG00000104695.11,58362,-0.526758256557897,1.70134503712426e-11,-0.680174178059071,-0.373342335056723,97.7375728266284,0.130284183053555,PPP2CB
61,ENSG00000011465.15,45197,-2.62598667787381,1.93501991343309e-11,-3.39293035424331,-1.85904300150431,98.827555521046,3.28839781285479,DCN
62,ENSG00000196159.10,33257,-1.39230667780721,1.95914232995688e-11,-1.79905228370868,-0.985561071905738,97.4744565512161,0.901036086808391,FAT4
63,ENSG00000096717.10,3197,-0.468434987197317,2.60255804149543e-11,-0.606135810066219,-0.330734164328415,95.2711833923943,0.0976748117303422,SIRT1
64,ENSG00000129596.4,1814,-2.95205098927674,3.57278709593885e-11,-3.82595147845984,-2.07815050009365,98.899014275419,4.27297255300929,CDO1
65,ENSG00000171862.8,40590,-0.466678287818083,3.64959515133532e-11,-0.604895472888389,-0.328461102747776,96.5062450458872,0.105877235933054,PTEN
67,ENSG00000151090.16,43992,-1.6374780258343,4.44987280154291e-11,-2.12461637825608,-1.15033967341251,99.0632047185808,1.34922402821578,THRB
68,ENSG00000115310.16,46369,-0.446195453852793,4.66163436445354e-11,-0.579074825556711,-0.313316082148874,95.2999490557145,0.0883154857714718,RTN4
69,ENSG00000178343.4,8324,-2.70003538453288,5.08463636204785e-11,-3.50570234109995,-1.89436842796582,97.7088297363028,3.46980367708115,SHISA3
70,ENSG00000128016.5,48594,-1.33436770585575,5.18625069028306e-11,-1.73271012765249,-0.936025284059019,94.4791740410704,0.806797679950601,ZFP36
71,ENSG00000123358.18,47858,-1.75768616242719,5.38704737560604e-11,-2.28285274321215,-1.23251958164224,95.0522644470217,1.46302060619413,NR4A1
72,ENSG00000162772.15,53187,-1.34159258330161,5.95469727687863e-11,-1.74335349756719,-0.939831669036016,92.5660437149973,0.83256196796862,ATF3
73,ENSG00000164442.9,59384,-1.11802759090195,7.2419760842068e-11,-1.45434470938111,-0.781710472422778,97.8436365634681,0.604753450274316,CITED2
77,ENSG00000129757.11,15467,-1.22490565179986,1.45874054783066e-10,-1.59946257468884,-0.850348728910872,97.4359194396694,0.735669438537608,CDKN1C
78,ENSG00000159388.5,57516,-1.10333155959799,1.48978779794793e-10,-1.44088217354287,-0.765780945653116,95.2177619804081,0.603401849627499,BTG2
79,ENSG00000116473.13,19964,-0.61244692215093,1.53303038930004e-10,-0.799945246612284,-0.424948597689577,98.1627645551958,0.186965720236198,RAP1A
81,ENSG00000015171.17,34667,-0.511191051644701,2.01935969738625e-10,-0.668728456715956,-0.353653646573446,97.4593904014535,0.133085953603115,ZMYND11
82,ENSG00000136826.13,2798,-1.41641122515143,2.0429188593624e-10,-1.85303914658504,-0.979783303717814,97.1585130217697,1.03990008894138,KLF4
83,ENSG00000143416.19,18421,-1.66439801085685,2.25294342649608e-10,-2.17868879085389,-1.15010723085981,98.8978734983861,1.48761209037128,SELENBP1
84,ENSG00000165478.6,10903,-4.00464015188603,2.55001682168689e-10,-5.24579190238743,-2.76348840138462,97.2891171063632,8.22934641997166,HEPACAM
85,ENSG00000082175.13,26745,-2.40910832852956,2.70407625694041e-10,-3.15683134815034,-1.66138530890879,98.5691938559255,3.21009627889748,PGR
87,ENSG00000140538.15,49789,-2.34615380587176,2.92611175094987e-10,-3.0757487562043,-1.61655885553923,98.5290000282962,3.01266004011564,NTRK3
88,ENSG00000082397.14,52585,-1.30397860744384,4.07048010410682e-10,-1.71281369388676,-0.895143521000926,98.0857908276312,0.911671036639665,EPB41L3
89,ENSG00000175161.12,29420,-3.62343118960281,4.43011233498916e-10,-4.76189199128511,-2.48497038792051,98.6165089864158,7.35464563810266,CADM2
90,ENSG00000109906.12,16418,-2.91147109801918,5.03139247629642e-10,-3.82917232528039,-1.99376987075797,98.6318668969273,4.75382733703425,ZBTB16
91,ENSG00000109339.17,45533,-1.42896719619081,8.00078858140351e-10,-1.88474658958211,-0.973187802799505,98.8220737992784,1.15921173300966,MAPK10
93,ENSG00000103479.13,39887,-0.482945797965039,1.16217489779688e-09,-0.638491849545603,-0.327399746384474,95.8825331816068,0.120646114871785,RBL2
94,ENSG00000131016.15,32518,-1.5776021801746,1.60715730368995e-09,-2.09010446059445,-1.06509989975475,97.1534592084721,1.41342102425213,AKAP12
95,ENSG00000116731.21,22300,-0.421380599847349,2.59524861125911e-09,-0.560061212849219,-0.282699986845479,96.2743836080112,0.10296831455653,PRDM2
96,ENSG00000144642.19,39743,-1.32049018356984,2.96074658525895e-09,-1.75665767788639,-0.884322689253296,98.6394140347988,1.06798927770313,RBMS3
97,ENSG00000146414.14,33410,-0.542034969232457,3.13612885699375e-09,-0.72135866445346,-0.362711274011454,91.9227149653108,0.150924248174961,SHPRH
99,ENSG00000198947.13,31671,-1.6545285325259,3.37441302537002e-09,-2.20301849399017,-1.10603857106163,98.9105390162944,1.62539892742102,DMD
100,ENSG00000014123.9,35168,-0.319310557660813,3.39883343616069e-09,-0.42518592725983,-0.213435188061796,93.142273672079,0.0543617280682724,UFL1
101,ENSG00000122025.13,5990,-1.33933524654242,3.44758124112689e-09,-1.78360152089443,-0.895068972190407,94.4275040893525,0.954820459977619,FLT3
102,ENSG00000164120.12,57468,-2.3039610971445,3.67772915036341e-09,-3.06958087449116,-1.53834131979783,98.3184812102189,3.28448057168629,HPGD
103,ENSG00000114742.12,23979,-0.287241801012151,4.17375177722725e-09,-0.383033642732965,-0.191449959291337,95.3670752062691,0.0472983353910122,WDR48
104,ENSG00000103175.9,53810,-1.32546093274327,4.51336326948002e-09,-1.76846442503897,-0.882457440447568,96.4950582183997,0.982085870575884,WFDC1
106,ENSG00000154655.13,6559,-0.96810661707934,4.97012266240298e-09,-1.29255927446482,-0.643653959693856,97.6835300386678,0.560307053847939,L3MBTL4
107,ENSG00000173641.16,9143,-2.66235380530899,5.9225496003921e-09,-3.55910243253236,-1.76560517808562,98.758049768583,4.42387442550928,HSPB7
108,ENSG00000130700.6,24119,-3.82237625356675,6.4169670182778e-09,-5.11282574370817,-2.53192676342534,98.3220215165885,9.1817772491313,GATA5
109,ENSG00000163939.17,13377,-0.298716233937078,7.9617018360955e-09,-0.400197591614111,-0.197234876260046,90.9889528082558,0.0483150816511977,PBRM1
110,ENSG00000107104.17,32345,-0.798037149078449,1.0526796793906e-08,-1.07138911537242,-0.524685182784482,97.5906171752162,0.394866636576814,KANK1
111,ENSG00000211445.10,57689,-1.81336887891548,1.18798621476702e-08,-2.43674417740444,-1.18999358042651,98.3549427960336,2.03701507809277,GPX3
113,ENSG00000265972.4,49398,-1.11414229558553,1.39541326296872e-08,-1.4990026685826,-0.729281922588452,97.9848220879377,0.825580798830907,TXNIP
116,ENSG00000150907.6,8361,-0.958771968780687,2.00074782536995e-08,-1.29362224819771,-0.62392168936366,98.5295026782282,0.634790137281388,FOXO1
117,ENSG00000134917.9,54722,-2.12778448468031,2.28898230656052e-08,-2.87401353712771,-1.38155543223291,98.7573480350027,3.11750762394857,ADAMTS8
118,ENSG00000140044.11,6896,-0.708148052656062,2.53879745584249e-08,-0.957303879112286,-0.458992226199837,96.9889201745685,0.331013319627273,JDP2
120,ENSG00000178175.10,46430,-1.27264001985734,2.72160687423406e-08,-1.72138432544064,-0.823895714274038,96.9980225240256,1.07334777817246,ZNF366
122,ENSG00000111961.15,35815,-0.893972501623922,3.28041095095114e-08,-1.21106016034788,-0.576884842899966,97.7765048955484,0.55296708411287,SASH1
123,ENSG00000133878.7,26190,-2.20028508451124,4.36535979448869e-08,-2.98789570906772,-1.41267445995476,97.9201584138154,3.41674010974861,DUSP26
127,ENSG00000164197.10,33556,-1.48700741681491,6.71007173301481e-08,-2.02684945239756,-0.947165381232252,99.3177878397797,1.6554803591132,RNF180
128,ENSG00000143768.10,4972,-2.7999942920277,7.49968822023494e-08,-3.82028127959887,-1.77970730445653,98.292942354118,5.88759925762837,LEFTY2
129,ENSG00000121769.6,7693,-0.969210231304822,8.42452153593036e-08,-1.32376247967117,-0.614657982938478,93.6641408872567,0.626022583325144,FABP3
130,ENSG00000121691.4,57114,-1.19185660700542,9.8207983721512e-08,-1.63012905505626,-0.753584158954579,98.9857929379526,1.08564659843188,CAT
131,ENSG00000233608.3,59645,-1.66571477244442,9.88113910855559e-08,-2.27836339199577,-1.05306615289307,97.9046956528225,1.94162214643397,TWIST2
132,ENSG00000122877.12,15448,-1.23350467852943,1.12399044854179e-07,-1.6891922185529,-0.777817138505952,95.1760172229643,1.10173181509132,EGR2
133,ENSG00000143878.9,48544,-1.13191222653803,1.15520829616066e-07,-1.55046335602495,-0.713361097051118,97.9408462455346,0.957597169066268,RHOB
134,ENSG00000095794.18,1110,-0.485898126712204,1.29530025740708e-07,-0.666282837318083,-0.305513416106325,92.1633393417543,0.155607648095309,CREM
136,ENSG00000144339.10,45412,-2.80153176413341,1.6999755470243e-07,-3.851523896052,-1.75153963221483,98.3336841656465,5.98030525783318,TMEFF2
137,ENSG00000138650.8,16303,-2.04930988517365,1.95823177679181e-07,-2.82124401739453,-1.27737575295277,97.9134436373112,3.26264306171571,PCDH10
138,ENSG00000100234.11,34286,-1.48739706200636,2.00930548031065e-07,-2.04818553997115,-0.926608584041572,97.6994668647923,1.68178418788455,TIMP3
139,ENSG00000162733.15,2713,-1.59065576936411,2.0149617978762e-07,-2.19043584472241,-0.990875694005819,98.7205354828622,1.98354426584941,DDR2
140,ENSG00000110002.14,38583,-0.829674353583965,2.03624779576769e-07,-1.14263289339683,-0.516715813771101,98.4731729411556,0.56059494199371,VWA5A
142,ENSG00000101955.13,51864,-1.97325181669935,2.18279043748536e-07,-2.71943364937312,-1.22706998402558,99.0060981505565,3.13626665503438,SRPX
144,ENSG00000133121.19,36384,-1.00515242404599,2.38897799068747e-07,-1.38648910240901,-0.623815745682982,98.6571563257388,0.795372570159689,STARD13
145,ENSG00000099860.7,44975,-0.983643769667735,2.63993731446331e-07,-1.35817698973885,-0.609110549596618,94.6721191825198,0.698687076475275,GADD45B
146,ENSG00000119950.19,46558,-0.654894111835038,2.68179718950934e-07,-0.904395394470805,-0.40539282919927,98.2458233813393,0.352966470631813,MXI1
147,ENSG00000162595.4,23099,-1.55816550349196,4.13680958784814e-07,-2.1614083358569,-0.954922671127029,98.3457379232602,2.02374709582977,DIRAS3
148,ENSG00000105856.12,28606,-0.380490361881429,4.53379944526888e-07,-0.528307723826589,-0.232672999936268,94.163542069784,0.105668260500859,HBP1
152,ENSG00000175662.16,19744,-0.680473129449963,6.40517027408391e-07,-0.948361203320201,-0.412585055579724,98.5073129219361,0.410653982500574,TOM1L2
154,ENSG00000141646.12,20045,-0.365643672145135,7.1566627861869e-07,-0.510214836661353,-0.221072507628917,98.0042250262775,0.117034051483558,SMAD4
155,ENSG00000179399.12,17823,-2.98027407365542,7.39662612326143e-07,-4.16016572255944,-1.80038242475139,98.6908899624579,7.62542650584381,GPC5
156,ENSG00000164741.13,32295,-1.25086571305366,7.63974357195532e-07,-1.74671463246033,-0.755016793646999,98.6793729579476,1.38372464853062,DLC1
157,ENSG00000112319.16,3151,-2.01300240006663,7.89083532346445e-07,-2.8119845216013,-1.21402027853195,97.5542400243343,3.54741882760494,EYA4
158,ENSG00000120008.14,31651,-0.169124013997745,8.32190135566069e-07,-0.236392611688338,-0.101855416307153,88.2171966066018,0.019958725887648,WDR11
159,ENSG00000017427.14,11817,-1.56204792359907,8.94292720543667e-07,-2.18512908070041,-0.938966766497734,97.7301844623362,2.10139930256197,IGF1
