	SNP	Chromosome	Position	trait1
1	ENSG00000001617	3	50192477	1.99302461140742e-05
2	ENSG00000001626	7	117120016	0.0379030754336299
3	ENSG00000001631	7	91828282	0.059823387306111
4	ENSG00000002822	7	1855429	5.25929444423251e-13
5	ENSG00000003756	3	50126340	0.164631668342447
6	ENSG00000004534	3	49977439	0.882305508553452
7	ENSG00000004838	3	50378540	0.310005990103879
8	ENSG00000004866	7	116593291	0.882485736579907
9	ENSG00000005339	16	3775054	0.28051942497004
10	ENSG00000006327	16	3068445	0.000149839531400957
11	ENSG00000007168	17	2496503	6.24267766307982e-06
12	ENSG00000007372	11	31806339	0.321856576848361
13	ENSG00000007968	1	23832921	2.68491442885073e-08
14	ENSG00000008226	3	38080695	0.00102647178886285
15	ENSG00000008710	16	2138710	0.396139496291037
16	ENSG00000008853	8	22844929	0.102545491655204
17	ENSG00000010017	6	13621729	0.52401609028116
18	ENSG00000010610	12	6896023	0.405888610832239
19	ENSG00000010671	23	100604434	0.464759071510162
20	ENSG00000011465	12	91539024	1.93501991343309e-11
21	ENSG00000012048	17	41196311	7.49816670006497e-11
22	ENSG00000012171	3	50304989	0.000264299681495169
23	ENSG00000012223	3	46477135	0.0230680631397084
24	ENSG00000012232	8	28480245	0.493228155704152
25	ENSG00000013016	2	31456879	0.000285535537434073
26	ENSG00000013588	12	13043715	0.303326283371685
27	ENSG00000014123	6	96969683	3.39883343616069e-09
28	ENSG00000015171	10	180404	2.01935969738625e-10
29	ENSG00000017427	12	102789644	8.94292720543667e-07
30	ENSG00000019485	11	45115563	0.00504563368503259
31	ENSG00000019505	11	45261851	0.774673440223172
32	ENSG00000020633	1	25226001	0.10573964078338
33	ENSG00000022267	23	135229558	3.00164962253554e-06
34	ENSG00000023191	11	494511	0.023207954254037
35	ENSG00000023287	8	53535015	0.425102835094655
36	ENSG00000023902	1	150121372	0.122076358715801
37	ENSG00000026025	10	17270257	0.550919071356143
38	ENSG00000026103	10	90750413	0.125413984580038
39	ENSG00000026508	11	35160416	0.0400183723274275
40	ENSG00000028203	12	95611521	0.263413465375845
41	ENSG00000030419	2	213864428	0.326419806997452
42	ENSG00000032742	13	21140584	0.0263651471940708
43	ENSG00000033800	15	68346516	0.000193796376300908
44	ENSG00000035664	15	64199234	0.223350952612792
45	ENSG00000039068	16	68771127	0.17354223655071
46	ENSG00000040199	16	71671737	0.00312155334515827
47	ENSG00000042493	2	85621870	0.00326738545564924
48	ENSG00000043514	1	40306722	0.00576032618495548
49	ENSG00000044524	3	89156673	0.00298052133503626
50	ENSG00000049759	18	55711598	0.153462761346584
51	ENSG00000049768	23	49106896	0.000123458929110522
52	ENSG00000050165	11	11984652	0.0822793762859976
53	ENSG00000050405	12	50569570	0.919758459040864
54	ENSG00000050748	5	179660142	0.465223843429473
55	ENSG00000054523	1	10270862	4.38717143534173e-05
56	ENSG00000054598	6	1610680	0.521587486296109
57	ENSG00000055130	7	148395005	0.343740097053063
58	ENSG00000055609	7	151832009	0.0120139504177302
59	ENSG00000057657	6	106534194	0.478504145690021
60	ENSG00000060339	10	70480970	0.000528237539026793
61	ENSG00000061337	8	20103675	0.00477675993902543
62	ENSG00000063169	19	48111452	2.15625038687521e-05
63	ENSG00000063438	5	304290	0.787580328270912
64	ENSG00000064012	2	202098165	0.0358120411190613
65	ENSG00000064201	11	2323226	0.0114119726080166
66	ENSG00000064300	17	47572654	0.0128859966161115
67	ENSG00000064393	7	139246315	0.000424458066391665
68	ENSG00000065559	17	11924140	9.61089831919813e-06
69	ENSG00000066336	11	47376410	0.595868655322264
70	ENSG00000067066	2	231280656	0.595607481224425
71	ENSG00000067082	10	3818187	1.50250979398001e-05
72	ENSG00000067369	15	43699406	0.396485622748741
73	ENSG00000067560	3	49396577	0.0611011440077529
74	ENSG00000068028	3	50367218	0.907133762015489
75	ENSG00000068903	19	39369196	0.134940506503622
76	ENSG00000069702	1	92145901	4.18658064448683e-20
77	ENSG00000069869	15	56119119	0.450098434679835
78	ENSG00000070019	12	14765575	0.176387308794268
79	ENSG00000070444	17	2287353	0.379610734849202
80	ENSG00000071242	6	166822851	3.67840207724769e-05
81	ENSG00000071243	7	120590802	0.0378978474256888
82	ENSG00000071564	19	1609290	8.44170920952932e-15
83	ENSG00000071794	3	148747913	0.186128114972887
84	ENSG00000072133	23	83318983	7.13899945282193e-05
85	ENSG00000072609	12	133416936	0.146295650524994
86	ENSG00000072786	5	171469076	0.430762510880366
87	ENSG00000072952	11	10594637	9.86677885444563e-05
88	ENSG00000073150	22	50609159	0.236997461773029
89	ENSG00000073282	3	189349204	0.665592104002297
90	ENSG00000073578	5	218355	0.161260743280271
91	ENSG00000073614	12	389294	0.611363068955869
92	ENSG00000074181	19	15270443	0.00026890552862853
93	ENSG00000074211	4	6324670	0.404462874279384
94	ENSG00000074266	11	85955585	1.69458955330585e-10
95	ENSG00000074319	11	18489882	0.931102390358959
96	ENSG00000074590	12	106457117	0.31429524763192
97	ENSG00000075391	1	178062863	0.564885575453986
98	ENSG00000075651	3	171318194	0.1438705521149
99	ENSG00000075711	3	196769430	0.926158544127464
100	ENSG00000075785	3	128444964	0.427951235849156
101	ENSG00000076201	3	47422500	0.0928432616701906
102	ENSG00000076242	3	37035338	0.0125726827465361
103	ENSG00000076864	1	21922707	0.370610335284185
104	ENSG00000077092	3	25215822	7.52240621460457e-14
105	ENSG00000077254	1	78161671	0.00157559312074126
106	ENSG00000077463	19	4174105	2.50257447984817e-06
107	ENSG00000077942	22	45898117	3.57070109523641e-06
108	ENSG00000078304	14	102228134	0.00142963068749441
109	ENSG00000078725	9	121928907	0.000250995908483865
110	ENSG00000078900	1	3569083	8.87156819137931e-10
111	ENSG00000079112	8	95139398	0.873726135683896
112	ENSG00000079246	2	216972186	0.0357785546834418
113	ENSG00000079257	3	158363610	0.23154391823834
114	ENSG00000079385	19	43011455	0.134289739153636
115	ENSG00000079432	19	42772688	0.563942689300053
116	ENSG00000080503	9	2015341	3.81474554666201e-22
117	ENSG00000080839	20	35624751	1.60243342763158e-08
118	ENSG00000081237	1	198608145	0.147652395005786
119	ENSG00000081913	18	60382671	0.0280176915363275
120	ENSG00000082175	11	100900354	2.70407625694041e-10
121	ENSG00000082397	18	5392382	4.07048010410682e-10
122	ENSG00000082701	3	119540169	0.00176403666232823
123	ENSG00000083093	16	23614487	3.17459484624609e-13
124	ENSG00000083642	13	33160563	0.0134961644834933
125	ENSG00000083799	16	50775960	0.000238047726934777
126	ENSG00000083857	4	187508936	0.136793906705053
127	ENSG00000084207	11	67351065	0.153252619812647
128	ENSG00000085117	11	44585976	0.601454377827444
129	ENSG00000085185	23	129115082	0.358009413758684
130	ENSG00000085382	6	105175967	1.200799619325e-05
131	ENSG00000085511	6	161412758	0.165402278665492
132	ENSG00000085662	7	134127101	0.35874860200744
133	ENSG00000085741	11	75897368	0.031138056467951
134	ENSG00000086730	7	73613981	0.38131553063588
135	ENSG00000087085	7	100487614	0.547876364183649
136	ENSG00000087088	19	49458071	3.32907809083329e-15
137	ENSG00000087206	5	176332005	0.767449361211335
138	ENSG00000088038	19	54641443	2.84795193448587e-10
139	ENSG00000088305	20	31350190	1.3587275015523e-12
140	ENSG00000089163	12	120740118	3.39056569775513e-05
141	ENSG00000089220	12	118573662	7.96955448724906e-05
142	ENSG00000089225	12	114791735	0.837787844792235
143	ENSG00000089280	16	31191430	8.85068762265561e-13
144	ENSG00000090238	16	30103634	0.14364371725559
145	ENSG00000091129	7	107788081	0.00131049286846275
146	ENSG00000091483	1	241660902	0.476269297620263
147	ENSG00000091831	6	151977825	3.19200599551011e-06
148	ENSG00000094916	12	54624723	0.00511963719591198
149	ENSG00000095002	2	47630107	5.97152439280742e-06
150	ENSG00000095585	10	97951457	0.371354541244902
151	ENSG00000095794	10	35415718	1.29530025740708e-07
152	ENSG00000095951	6	12008994	0.12191302554464
153	ENSG00000096696	6	7541807	0.275959555107662
154	ENSG00000096717	10	69644426	2.60255804149543e-11
155	ENSG00000097033	1	87170258	0.0149819150615389
156	ENSG00000099769	16	1840413	0.00330815625601368
157	ENSG00000099810	9	21802647	0.925565107474493
158	ENSG00000099860	19	2476119	2.63993731446331e-07
159	ENSG00000099956	22	24129149	6.16684442857299e-08
160	ENSG00000100003	22	30792845	0.237635494105146
161	ENSG00000100033	22	18900293	0.0847948563808702
162	ENSG00000100084	22	19318220	0.175126576103433
163	ENSG00000100234	22	33197686	2.00930548031065e-07
164	ENSG00000100276	22	29708921	0.939325677531977
165	ENSG00000100290	22	43506753	0.0155293405728833
166	ENSG00000100345	22	36677326	0.611434720946647
167	ENSG00000100380	22	41220538	0.000443191597934307
168	ENSG00000100614	14	60712469	0.00304609941862527
169	ENSG00000100644	14	62162230	0.55059808260242
170	ENSG00000100697	14	95552564	0.00125975787240694
171	ENSG00000100941	14	39644386	4.15638418800894e-06
172	ENSG00000101076	20	42984339	0.153138705713463
173	ENSG00000101096	20	50003493	0.000689380546321358
174	ENSG00000101115	20	50400580	2.11908529346509e-06
175	ENSG00000101191	20	61509089	0.164527621269457
176	ENSG00000101265	20	4760668	0.00619956541191127
177	ENSG00000101412	20	32263488	3.87212254093371e-19
178	ENSG00000101596	18	2655736	0.354583113356791
179	ENSG00000101773	18	20378223	0.0175890363253192
180	ENSG00000101955	23	38008588	2.18279043748536e-07
181	ENSG00000102054	23	16857405	0.3868404268558
182	ENSG00000102554	13	73629113	0.784310592937153
183	ENSG00000102786	13	51928212	0.0818323652529481
184	ENSG00000102804	13	45007654	0.001167041752952
185	ENSG00000102837	13	53602893	0.0948227801059979
186	ENSG00000102974	16	67596309	0.446349437738558
187	ENSG00000103034	16	58496749	0.0903001763702116
188	ENSG00000103126	16	337439	1.95780358613397e-12
189	ENSG00000103175	16	84328251	4.51336326948002e-09
190	ENSG00000103197	16	2097465	0.142097478280217
191	ENSG00000103264	16	87401257	0.0377651988474485
192	ENSG00000103266	16	730223	0.707749914183851
193	ENSG00000103479	16	53467888	1.16217489779688e-09
194	ENSG00000103490	16	31212805	0.000916165017103412
195	ENSG00000103942	15	83532964	0.189234153845179
196	ENSG00000104081	15	40380090	0.197037521703541
197	ENSG00000104213	8	17433941	0.279625942017816
198	ENSG00000104219	8	17013537	7.86105318300397e-12
199	ENSG00000104228	8	27142403	0.171120845358915
200	ENSG00000104320	8	90945563	0.0135636836330016
201	ENSG00000104332	8	41119480	5.86357687749828e-13
202	ENSG00000104413	8	95653301	0.419621891357025
203	ENSG00000104419	8	134249413	0.738844062676965
204	ENSG00000104689	8	23047964	0.233336039238842
205	ENSG00000104695	8	30657096	1.70134503712426e-11
206	ENSG00000104765	8	26240712	0.00199386769988573
207	ENSG00000104814	19	39078280	0.516910071089812
208	ENSG00000104899	19	2249307	2.5697796375199e-19
209	ENSG00000105185	19	33071973	4.68267010295134e-26
210	ENSG00000105325	19	3506270	2.00176180872162e-05
211	ENSG00000105327	19	47724080	1.50313166331543e-12
212	ENSG00000105329	19	41807491	0.0553418839736874
213	ENSG00000105373	19	48248778	0.192809592027477
214	ENSG00000105722	19	42751723	0.0156161907701377
215	ENSG00000105767	19	44126519	0.958353312019895
216	ENSG00000105810	7	92234234	0.798914731190067
217	ENSG00000105825	7	93514708	0.116003766182955
218	ENSG00000105856	7	106809405	4.53379944526888e-07
219	ENSG00000105974	7	116164838	0.0362304711085866
220	ENSG00000106123	7	142552791	0.00154409646974247
221	ENSG00000106144	7	142985307	1.02633513107771e-10
222	ENSG00000106305	7	6048875	0.00209051905221642
223	ENSG00000106459	7	129251554	0.132138769052122
224	ENSG00000106462	7	148504474	1.45622100733669e-14
225	ENSG00000106483	7	37949260	0.706155876024794
226	ENSG00000106536	7	39017597	0.103132985863836
227	ENSG00000106537	7	16793159	0.330418418107552
228	ENSG00000106546	7	17338245	0.990410431309748
229	ENSG00000106638	7	72983261	1.28713424892135e-08
230	ENSG00000106852	9	124964855	0.0065531944652065
231	ENSG00000107104	9	470290	1.0526796793906e-08
232	ENSG00000107201	9	32455299	0.332429059892506
233	ENSG00000107551	10	45454854	0.433769379525694
234	ENSG00000107562	10	44793037	8.76836174195133e-15
235	ENSG00000107731	10	72972326	0.0730107762380925
236	ENSG00000107779	10	88516406	0.000738719162494448
237	ENSG00000107882	10	104263743	0.360304053514179
238	ENSG00000107937	10	1034337	0.00457994003620089
239	ENSG00000107954	10	105253735	0.268217850106671
240	ENSG00000107968	10	30722865	0.0238278723531485
241	ENSG00000107984	10	54074055	0.263957088735919
242	ENSG00000108001	10	131633546	0.185951522449558
243	ENSG00000108094	10	35297478	0.255142513303037
244	ENSG00000108384	17	56769933	0.0161854584220836
245	ENSG00000108518	17	4848946	0.0409258343092167
246	ENSG00000108799	17	40852292	0.000747007574592642
247	ENSG00000108946	17	66507920	2.33494533611686e-06
248	ENSG00000108963	17	1933403	0.0257203521341978
249	ENSG00000109062	17	72744790	0.417554603732521
250	ENSG00000109320	4	103422485	0.143814113161846
251	ENSG00000109339	4	86936275	8.00078858140351e-10
252	ENSG00000109452	4	142944312	0.691275196127678
253	ENSG00000109670	4	153242409	0.408854080487615
254	ENSG00000109854	11	20385230	0.0176366567041842
255	ENSG00000109906	11	113930314	5.03139247629642e-10
256	ENSG00000110002	11	123986068	2.03624779576769e-07
257	ENSG00000110171	11	6469842	0.296678027550896
258	ENSG00000110395	11	119076751	0.826416829067995
259	ENSG00000110514	11	47290926	0.228460758196036
260	ENSG00000110711	11	67250511	0.42293889226937
261	ENSG00000110713	11	3696239	0.722511498195268
262	ENSG00000110851	12	108126642	0.23781635793781
263	ENSG00000111087	12	57853917	0.057425626714465
264	ENSG00000111252	12	111843751	0.332076512761672
265	ENSG00000111276	12	12867991	0.00454143644808085
266	ENSG00000111328	12	123745527	4.38383596749085e-06
267	ENSG00000111344	12	113536623	0.826816194732205
268	ENSG00000111424	12	48235319	0.759000851081681
269	ENSG00000111653	12	6759445	0.577691714717895
270	ENSG00000111679	12	7055630	0.0143341445257901
271	ENSG00000111816	6	116252311	0.459813229752614
272	ENSG00000111877	6	119134604	0.0404623262249528
273	ENSG00000111961	6	148593439	3.28041095095114e-08
274	ENSG00000112096	6	160100150	0.3776706212273
275	ENSG00000112130	6	37321747	0.141612341347282
276	ENSG00000112237	6	99990255	0.395589846605254
277	ENSG00000112242	6	20402397	1.65523922296128e-08
278	ENSG00000112319	6	133561735	7.89083532346445e-07
279	ENSG00000112406	6	139456248	2.04937743992626e-05
280	ENSG00000112530	6	163148163	0.000172687863571212
281	ENSG00000112679	6	291629	0.000581675100957962
282	ENSG00000112715	6	43737920	0.0147030684816296
283	ENSG00000112761	6	112375274	0.286148102265053
284	ENSG00000113083	5	121398889	0.00272544856560279
285	ENSG00000113140	5	151040656	0.0352818897662637
286	ENSG00000113391	5	92953774	7.41074324333714e-05
287	ENSG00000113575	5	133530024	0.207553104814995
288	ENSG00000113594	5	38475064	6.9748589263056e-13
289	ENSG00000113712	5	148871759	0.34082490818107
290	ENSG00000113763	5	176237477	0.0759820112234876
291	ENSG00000113905	3	186383740	0.659843608994563
292	ENSG00000114021	3	100053544	0.086340025270954
293	ENSG00000114115	3	139236275	0.649739651864517
294	ENSG00000114204	3	167159576	0.00255600334624721
295	ENSG00000114251	3	55499742	0.2624671877601
296	ENSG00000114346	3	172468471	2.47694179861366e-12
297	ENSG00000114383	3	50357457	0.341059423267665
298	ENSG00000114388	3	50384760	0.0911555448702689
299	ENSG00000114395	3	50388125	0.284642840342279
300	ENSG00000114742	3	39093488	4.17375177722725e-09
301	ENSG00000114861	3	71003843	0.0480573808382138
302	ENSG00000114978	2	74379654	0.726618763668107
303	ENSG00000115216	2	27650656	0.0601754380873784
304	ENSG00000115306	2	54683421	5.91564798672247e-06
305	ENSG00000115310	2	55254342	4.66163436445354e-11
306	ENSG00000115317	2	74756503	0.106362408863544
307	ENSG00000115325	2	74776152	0.258129919953298
308	ENSG00000115415	2	191829083	9.53013567237608e-05
309	ENSG00000115461	2	217536827	0.00122653116047437
310	ENSG00000115526	2	101008326	0.89423509700844
311	ENSG00000115548	2	86667769	6.1313268234665e-06
312	ENSG00000115963	2	151331388	0.0159405390853715
313	ENSG00000116016	2	46520805	6.66919199411092e-06
314	ENSG00000116254	1	6161852	0.0204839187453718
315	ENSG00000116285	1	8064463	6.2324493263718e-05
316	ENSG00000116288	1	8014350	0.81378067927438
317	ENSG00000116473	1	112084839	1.53303038930004e-10
318	ENSG00000116478	1	32757686	0.0255523129415092
319	ENSG00000116525	1	33611002	0.00132940598422422
320	ENSG00000116717	1	68150743	0.0119177835247887
321	ENSG00000116731	1	14026692	2.59524861125911e-09
322	ENSG00000116885	1	36881427	0.0578633372455282
323	ENSG00000117118	1	17345216	0.0261604546116785
324	ENSG00000117228	1	89518001	0.632524502487503
325	ENSG00000117425	1	45285515	0.0184002755939738
326	ENSG00000117707	1	214161273	0.000281282179172201
327	ENSG00000117713	1	27022523	0.382619454315233
328	ENSG00000118046	19	1189405	0.00874801691793016
329	ENSG00000118307	12	25261353	0.00831627082679615
330	ENSG00000118308	12	25173935	0.000484632305788937
331	ENSG00000118495	6	144261438	0.000103685270576281
332	ENSG00000118503	6	138188350	0.439061721590192
333	ENSG00000118520	6	131894283	0.00183041980616252
334	ENSG00000118523	6	132269315	6.19909448354227e-06
335	ENSG00000118689	6	108881037	0.00540835581537778
336	ENSG00000118777	4	89011415	1.19201963605178e-05
337	ENSG00000118946	13	58205943	0.55495933732336
338	ENSG00000119147	2	106679749	6.80688623632369e-13
339	ENSG00000119318	9	110045417	0.115301353327403
340	ENSG00000119383	9	131873228	0.0492782898985991
341	ENSG00000119401	9	119449580	0.541248878939322
342	ENSG00000119508	9	102584136	1.13453300072303e-19
343	ENSG00000119684	14	75480466	0.454976039011195
344	ENSG00000119715	14	76776956	0.000373463073444505
345	ENSG00000119772	2	25455844	0.000683589884208748
346	ENSG00000119950	10	111967362	2.68179718950934e-07
347	ENSG00000120008	10	122610686	8.32190135566069e-07
348	ENSG00000120057	10	99526507	1.71174159412162e-13
349	ENSG00000120129	5	172195092	9.52529105035874e-12
350	ENSG00000120370	1	170501269	0.0098820438784115
351	ENSG00000120708	5	135364583	0.000323697007587415
352	ENSG00000120727	5	138677275	1.26291071833145e-06
353	ENSG00000120733	5	137688284	0.666226669203762
354	ENSG00000120738	5	137801178	2.00169256054429e-12
355	ENSG00000120868	12	99038918	0.387360479337601
356	ENSG00000120885	8	27454433	1.20975928951014e-05
357	ENSG00000120889	8	22877645	0.00180875966703043
358	ENSG00000120910	8	22298331	0.000200379694742551
359	ENSG00000120942	1	11333262	0.672728516307386
360	ENSG00000121067	17	47676245	0.00045470609911194
361	ENSG00000121454	1	180199420	0.357370715529766
362	ENSG00000121691	11	34460471	9.8207983721512e-08
363	ENSG00000121769	1	31838471	8.42452153593036e-08
364	ENSG00000122025	13	28577410	3.44758124112689e-09
365	ENSG00000122035	13	27844463	6.20706377820025e-17
366	ENSG00000122133	9	138453601	1.71808735999658e-06
367	ENSG00000122406	1	93297581	0.780024360759965
368	ENSG00000122707	9	36036429	6.76265287279458e-06
369	ENSG00000122779	7	138145078	0.138090487311952
370	ENSG00000122877	10	64574192	1.12399044854179e-07
371	ENSG00000123080	1	51426416	0.061350513218563
372	ENSG00000123094	12	26111961	6.89127389619445e-05
373	ENSG00000123095	12	26272958	0.697979093084542
374	ENSG00000123358	12	52416615	5.38704737560604e-11
375	ENSG00000123374	12	56360552	4.76123476464078e-05
376	ENSG00000123612	2	158383278	0.0974101840383721
377	ENSG00000123689	1	209848764	0.00658085733302621
378	ENSG00000124092	20	56071034	0.466201561622903
379	ENSG00000124160	20	44689623	0.000603315016958995
380	ENSG00000124571	6	43490071	1.14433281663468e-11
381	ENSG00000124713	6	42928495	0.0333877951679279
382	ENSG00000124762	6	36644304	0.534076188120444
383	ENSG00000124802	6	8073592	0.00524797219016574
384	ENSG00000124813	6	45295893	3.60124396715096e-05
385	ENSG00000125144	16	56700642	0.00138403077146293
386	ENSG00000125148	16	56642110	0.00263908567392709
387	ENSG00000125347	5	131817300	0.695522751364507
388	ENSG00000125378	14	54416453	0.0687595841671047
389	ENSG00000125482	9	135251007	0.131878715375784
390	ENSG00000125657	19	6531009	0.0277699736717803
391	ENSG00000125780	20	2276646	0.843426948840238
392	ENSG00000125798	20	22561642	0.848427443156201
393	ENSG00000125841	20	327425	0.153280640857564
394	ENSG00000125845	20	6748310	0.00251447348013573
395	ENSG00000125952	14	65472891	0.851985300289939
396	ENSG00000126351	17	38214542	0.000973539785936041
397	ENSG00000126456	19	50162825	1.83750173103008e-12
398	ENSG00000126561	17	40439564	0.0160349158246053
399	ENSG00000126581	17	40962151	0.00174706021841949
400	ENSG00000127124	1	41972035	0.504566664620435
401	ENSG00000127445	19	9945932	0.460920454085875
402	ENSG00000127616	19	11071597	3.96881618719781e-06
403	ENSG00000127831	2	219283814	0.50524621128249
404	ENSG00000127947	7	77166591	0.0047754100539997
405	ENSG00000128016	19	39897452	5.18625069028306e-11
406	ENSG00000128594	7	127667123	6.17683041943068e-05
407	ENSG00000128596	7	128431497	0.242446566495942
408	ENSG00000128604	7	128577665	0.0386064643907228
409	ENSG00000128918	15	58306055	4.11454692022213e-17
410	ENSG00000129071	3	129149786	0.0207042225784145
411	ENSG00000129194	17	7491495	0.626516360039663
412	ENSG00000129422	8	17501303	4.41501948508344e-05
413	ENSG00000129451	19	51515994	0.702488172430578
414	ENSG00000129514	14	38059188	0.834187757485368
415	ENSG00000129521	14	34398304	0.0491607932807749
416	ENSG00000129596	5	115140429	3.57278709593885e-11
417	ENSG00000129757	11	2904442	1.45874054783066e-10
418	ENSG00000129993	16	88941265	2.26274704922575e-05
419	ENSG00000130176	19	11649531	1.96279404509062e-06
420	ENSG00000130222	9	92219927	0.0780771342400912
421	ENSG00000130254	19	5587009	0.651692653714541
422	ENSG00000130347	6	107018902	0.992671824631172
423	ENSG00000130600	11	2016405	0.534019845974995
424	ENSG00000130700	20	61038552	6.4169670182778e-09
425	ENSG00000130707	9	133320315	0.00154578522309828
426	ENSG00000130816	19	10244020	3.32610378624325e-14
427	ENSG00000130829	23	152907945	0.328019158067661
428	ENSG00000130939	1	10092889	0.000479637615406205
429	ENSG00000131016	6	151561133	1.60715730368995e-09
430	ENSG00000131023	6	149979288	0.000878753973140803
431	ENSG00000131080	23	65815478	0.574420999954845
432	ENSG00000131435	5	131593363	0.856945772551071
433	ENSG00000131669	9	95883770	0.96723999966582
434	ENSG00000131771	17	37782992	0.0684591600511912
435	ENSG00000131899	17	18128900	0.167133693037604
436	ENSG00000131910	1	27237979	0.0570045606146216
437	ENSG00000132170	3	12328866	0.0107170787174665
438	ENSG00000132326	2	239152678	0.00251544045066569
439	ENSG00000132356	5	40759480	0.0111171789350744
440	ENSG00000132382	17	4442191	2.64515231304788e-06
441	ENSG00000132383	17	1732995	0.107255350753817
442	ENSG00000132530	17	6658765	0.662975893936309
443	ENSG00000132698	1	156030950	0.946594777636176
444	ENSG00000132819	20	55966462	0.889432869778669
445	ENSG00000132958	13	19997016	0.295489794357061
446	ENSG00000133116	13	33590206	0.000146216922968647
447	ENSG00000133121	13	33677271	2.38897799068747e-07
448	ENSG00000133134	23	102564273	0.0584938571203479
449	ENSG00000133216	1	23037331	0.00182827205620127
450	ENSG00000133313	18	72163050	0.505071066697512
451	ENSG00000133321	11	63304280	0.978574404978832
452	ENSG00000133328	11	63320241	0.0165963391858483
453	ENSG00000133454	22	26138110	0.443919836043758
454	ENSG00000133794	11	13298198	0.192984009485018
455	ENSG00000133878	8	33448855	4.36535979448869e-08
456	ENSG00000133895	11	64570981	6.45960245428917e-08
457	ENSG00000133961	14	73741814	0.00255224665062472
458	ENSG00000134086	3	10182691	0.577731063565876
459	ENSG00000134250	1	120454175	0.0911721830736476
460	ENSG00000134371	1	193091146	0.901213671704827
461	ENSG00000134508	18	20714527	0.00928863647587835
462	ENSG00000134531	12	13349649	0.000140671739533931
463	ENSG00000134574	11	47236492	0.0519231449347369
464	ENSG00000134762	18	28569973	0.561694562492817
465	ENSG00000134917	11	130274819	2.28898230656052e-08
466	ENSG00000134982	5	112043194	5.06222266865574e-06
467	ENSG00000135046	9	75766672	0.713050179690087
468	ENSG00000135164	7	86781676	0.00754351245484497
469	ENSG00000135249	7	105172531	3.27474120672204e-08
470	ENSG00000135269	7	115850546	0.837352095139462
471	ENSG00000135373	11	34642639	0.233474171584307
472	ENSG00000135423	12	56864735	0.413323623410511
473	ENSG00000135424	12	56078351	0.00761203949111531
474	ENSG00000135482	12	56511942	0.0323710497555831
475	ENSG00000135766	1	231499496	0.00776730096166334
476	ENSG00000135956	2	96914253	0.291107314931016
477	ENSG00000136040	12	94542498	0.322032692049954
478	ENSG00000136099	13	53418108	0.122404995441732
479	ENSG00000136114	13	52951304	0.113828634680286
480	ENSG00000136158	13	80910110	4.56452915596811e-05
481	ENSG00000136160	13	78469615	1.22874955071712e-06
482	ENSG00000136327	14	37049783	0.0886005360495783
483	ENSG00000136560	2	161993418	0.131381887507711
484	ENSG00000136574	8	11534467	0.663305412032233
485	ENSG00000136603	3	170075465	0.111731554166443
486	ENSG00000136717	2	127805602	0.00462294552800194
487	ENSG00000136826	9	110247132	2.0429188593624e-10
488	ENSG00000136848	9	124329335	0.172641565574509
489	ENSG00000136999	8	120428545	0.0138112222701694
490	ENSG00000137142	9	38408990	0.149459739082931
491	ENSG00000137203	6	10393418	0.0063043310693068
492	ENSG00000137218	6	41737913	0.0810897421452055
493	ENSG00000137265	6	391738	0.0103385397086154
494	ENSG00000137331	6	30710975	0.4853656605895
495	ENSG00000137337	6	30667583	0.0451465471477862
496	ENSG00000137693	11	101981191	0.0317827096047249
497	ENSG00000137707	11	111338250	0.0378857425083354
498	ENSG00000137709	11	120107348	0.90849841027689
499	ENSG00000137713	11	111597631	0.262419260628587
500	ENSG00000137757	11	104864961	0.0728179457159722
501	ENSG00000137801	15	39873279	9.50050972320018e-05
502	ENSG00000137962	1	94615402	0.00215632885956563
503	ENSG00000138166	10	112257595	0.00425437425823128
504	ENSG00000138193	10	95753745	0.00355405557987508
505	ENSG00000138279	10	75134858	0.000836872477848737
506	ENSG00000138376	2	215590369	6.92347516070732e-05
507	ENSG00000138413	2	209100950	0.707504096820249
508	ENSG00000138443	2	204192941	0.147794652844777
509	ENSG00000138448	2	187454791	0.453285915985
510	ENSG00000138650	4	134070469	1.95823177679181e-07
511	ENSG00000138738	4	121613069	0.00025215230430777
512	ENSG00000139083	12	11802787	0.0122538113331451
513	ENSG00000139174	12	42852139	0.00617746642305969
514	ENSG00000139263	12	59265930	0.832594009948206
515	ENSG00000139278	12	75874459	0.145110783598942
516	ENSG00000139318	12	89741008	0.225935975565255
517	ENSG00000139352	12	103351463	0.318991614620366
518	ENSG00000139405	12	113623330	0.119124539874017
519	ENSG00000139437	12	110338078	0.00108793745456372
520	ENSG00000139515	13	28494156	0.00124154786729778
521	ENSG00000139618	13	32889610	4.01712124093294e-16
522	ENSG00000139687	13	48877886	0.867416611509875
523	ENSG00000140009	14	64550949	0.0430587878181759
524	ENSG00000140044	14	75894418	2.53879745584249e-08
525	ENSG00000140350	15	69070873	3.37331764498705e-06
526	ENSG00000140464	15	74287013	2.24396155157702e-07
527	ENSG00000140538	15	88418229	2.92611175094987e-10
528	ENSG00000140691	16	31469400	0.956356111799161
529	ENSG00000140836	16	72816783	0.180648863337028
530	ENSG00000140873	16	77316024	0.362931205704197
531	ENSG00000140931	16	66637776	0.0369271446324393
532	ENSG00000140937	16	64977655	0.696183022892764
533	ENSG00000140945	16	82660407	0.703098470824156
534	ENSG00000140961	16	83981886	0.110589507836454
535	ENSG00000140968	16	85932408	0.0027013420695209
536	ENSG00000141252	17	411907	0.554689824581587
537	ENSG00000141510	17	7565096	0.00460157187188868
538	ENSG00000141646	18	48494409	7.1566627861869e-07
539	ENSG00000141753	17	38599701	0.0132952745456418
540	ENSG00000142082	11	215457	0.00170483379967414
541	ENSG00000142178	21	44834394	3.59683626387025e-06
542	ENSG00000142186	11	65292547	0.352704172991202
543	ENSG00000142627	1	16450831	0.593939778991583
544	ENSG00000142676	1	24018268	0.776430065805808
545	ENSG00000142867	1	85731930	0.262984095817674
546	ENSG00000143207	1	175913966	2.89253021165139e-05
547	ENSG00000143416	1	151336777	2.25294342649608e-10
548	ENSG00000143514	1	223967600	0.882556335688825
549	ENSG00000143570	1	153931574	0.000381842855239197
550	ENSG00000143761	1	228270360	1.01672010734526e-06
551	ENSG00000143768	1	226124297	7.49968822023494e-08
552	ENSG00000143799	1	226548391	9.36544788409988e-05
553	ENSG00000143878	2	20646834	1.15520829616066e-07
554	ENSG00000144339	2	192813768	1.6999755470243e-07
555	ENSG00000144381	2	198351304	0.0446657874640378
556	ENSG00000144597	3	15468861	0.76516115589335
557	ENSG00000144642	3	29322472	2.96074658525895e-09
558	ENSG00000144655	3	39183345	8.68092236059604e-13
559	ENSG00000144677	3	37903450	0.0209374121395252
560	ENSG00000144730	3	57124009	0.801838884653439
561	ENSG00000144736	3	72798429	0.237684775551647
562	ENSG00000144746	3	69134094	0.0457591194447135
563	ENSG00000144749	3	66429220	0.0655854159413925
564	ENSG00000144791	3	45596885	0.906630487974007
565	ENSG00000144843	3	119298114	0.0265900339320265
566	ENSG00000144852	3	119499330	0.290062982984096
567	ENSG00000144891	3	148415570	7.02271787771105e-13
568	ENSG00000145088	3	121554029	0.275164382366949
569	ENSG00000145147	4	20254882	7.08494588666248e-06
570	ENSG00000145423	4	154701743	0.0521650429685989
571	ENSG00000145604	5	36152090	2.11462165300563e-07
572	ENSG00000145632	5	57749808	0.454306246490821
573	ENSG00000145687	5	80708839	0.00371740657789533
574	ENSG00000145703	5	75699073	0.03532349066912
575	ENSG00000145777	5	110405759	2.02660009823176e-06
576	ENSG00000145824	5	134906372	0.0344168080036005
577	ENSG00000145879	5	147691981	0.212432431439753
578	ENSG00000146038	6	24171983	0.111459995472678
579	ENSG00000146070	6	46671937	0.00278943022979442
580	ENSG00000146094	5	176928907	0.0270693536088118
581	ENSG00000146414	6	146205942	3.13612885699375e-09
582	ENSG00000146674	7	45951948	0.0981396918692035
583	ENSG00000146904	7	143087381	0.031866264156845
584	ENSG00000147050	23	44732756	2.93276046327982e-05
585	ENSG00000147257	23	132669772	0.000778290026597114
586	ENSG00000147274	23	135930162	0.000194536145521727
587	ENSG00000147316	8	6264112	0.0162455534228224
588	ENSG00000147364	8	356807	1.05021177102804e-05
589	ENSG00000147394	23	152082985	0.564480534362405
590	ENSG00000147403	23	153618314	0.281653800554084
591	ENSG00000147443	8	21766383	0.159648393995208
592	ENSG00000147804	8	145635125	0.0162335684518533
593	ENSG00000147854	9	6413150	0.16193840734559
594	ENSG00000147883	9	22002901	0.865157135471266
595	ENSG00000147889	9	21967750	6.82031912230679e-15
596	ENSG00000148180	9	123970071	0.000102690328620328
597	ENSG00000148337	9	130928343	0.0198632100468883
598	ENSG00000148400	9	139388895	0.815522088644477
599	ENSG00000148481	10	15820168	6.67777836191938e-12
600	ENSG00000148737	10	114710008	0.00268295986256178
601	ENSG00000149177	11	48002112	0.396933530115978
602	ENSG00000149311	11	108093210	0.0307841746795375
603	ENSG00000149547	11	125439111	0.423247169047405
604	ENSG00000149554	11	125495035	1.53524782591067e-14
605	ENSG00000149591	11	117070036	3.74201360652215e-05
606	ENSG00000149782	11	64018994	6.4247348249425e-16
607	ENSG00000150093	10	33218751	0.633504916811233
608	ENSG00000150457	13	21547170	4.09497345117643e-06
609	ENSG00000150527	14	39736327	0.0901291367233567
610	ENSG00000150593	10	112631564	0.0149587457949229
611	ENSG00000150907	13	41129803	2.00074782536995e-08
612	ENSG00000151090	3	24158650	4.44987280154291e-11
613	ENSG00000151348	11	44117098	0.050615202554926
614	ENSG00000151692	2	7057522	0.467346364487945
615	ENSG00000152213	13	50202434	0.174109156475756
616	ENSG00000152484	13	27640292	6.17478335940283e-05
617	ENSG00000152518	2	43449540	0.00111407469394344
618	ENSG00000152583	4	88394486	0.000806110964879622
619	ENSG00000152661	6	121756837	0.257099191304677
620	ENSG00000152894	6	128289923	0.475737693977333
621	ENSG00000152977	3	147111208	0.878796136421087
622	ENSG00000153071	5	39393359	0.0319399999860165
623	ENSG00000153094	2	111876954	0.26841090043565
624	ENSG00000153179	12	65004292	0.0266448112107038
625	ENSG00000153246	2	160794361	0.00470102112031355
626	ENSG00000153487	13	111365082	0.202692482509737
627	ENSG00000153707	9	8314245	0.000193630994696873
628	ENSG00000153922	5	98190907	0.766305583651278
629	ENSG00000154096	11	119288089	0.153123226026441
630	ENSG00000154144	11	124492731	0.020779365257818
631	ENSG00000154277	4	41258429	0.594489585593222
632	ENSG00000154640	21	18965970	0.308189288358436
633	ENSG00000154655	18	5954704	4.97012266240298e-09
634	ENSG00000154764	3	13857754	0.0926195541820068
635	ENSG00000154803	17	17115525	0.56632994081133
636	ENSG00000155090	8	103661006	1.54867531518468e-11
637	ENSG00000155254	10	99472929	0.670369921769802
638	ENSG00000155666	16	27214806	0.0218650643671801
639	ENSG00000156076	12	65444405	2.77476571523157e-05
640	ENSG00000156508	6	74225472	0.0357106874540992
641	ENSG00000156531	23	133507282	2.97775988254146e-05
642	ENSG00000156687	8	35093282	6.72575960221163e-05
643	ENSG00000156804	8	124510128	0.399965079963644
644	ENSG00000157450	15	59157373	0.00308480914274223
645	ENSG00000157557	21	40177230	0.00427225070677098
646	ENSG00000157613	11	46299211	0.502600682409716
647	ENSG00000158008	1	26346374	0.0216944349509692
648	ENSG00000159023	1	29213602	0.392834813036778
649	ENSG00000159184	17	46802124	0.0112686680350461
650	ENSG00000159216	21	36259342	6.36519754984914e-07
651	ENSG00000159388	1	203274618	1.48978779794793e-10
652	ENSG00000159840	7	143078172	0.798508896425233
653	ENSG00000160049	1	10516578	0.517467796887034
654	ENSG00000160199	21	44394619	0.530911116371086
655	ENSG00000160469	19	55793439	0.255008064152897
656	ENSG00000160633	19	5623045	5.16780366133256e-07
657	ENSG00000160862	7	99564342	0.00724170917698827
658	ENSG00000161040	7	102453307	0.542023660261999
659	ENSG00000161055	5	180017102	0.00380469554310708
660	ENSG00000161298	19	37095718	0.264693089284069
661	ENSG00000161405	17	37921197	0.179536787954111
662	ENSG00000161544	17	74523437	0.0694511559471148
663	ENSG00000161638	12	54789044	0.951485394469552
664	ENSG00000161905	17	4534196	0.361194305555022
665	ENSG00000161940	17	6926338	0.0884272173311075
666	ENSG00000162409	1	57110994	0.000285529208763073
667	ENSG00000162545	1	20808883	0.119158434078457
668	ENSG00000162551	1	21835857	0.00496126836137298
669	ENSG00000162595	1	68511644	4.13680958784814e-07
670	ENSG00000162694	1	101337942	0.0616089939170317
671	ENSG00000162706	1	159141398	1.39398477218177e-05
672	ENSG00000162733	1	162601162	2.0149617978762e-07
673	ENSG00000162734	1	160175126	0.605399924773327
674	ENSG00000162772	1	212738675	5.95469727687863e-11
675	ENSG00000162777	1	111729795	0.43341663665415
676	ENSG00000162892	1	207070787	0.0159826023151244
677	ENSG00000163032	2	17720392	0.110951513976613
678	ENSG00000163154	1	151129104	0.93715772219884
679	ENSG00000163191	1	152004981	4.92544966672647e-09
680	ENSG00000163347	3	190023489	0.28093174197606
681	ENSG00000163453	4	57896938	0.445667114011549
682	ENSG00000163513	3	30647993	1.17703962930058e-06
683	ENSG00000163564	1	158900585	0.337301451377354
684	ENSG00000163565	1	158979681	0.311804939459115
685	ENSG00000163568	1	159032273	0.00614296455410403
686	ENSG00000163590	3	160473389	0.000335681317518331
687	ENSG00000163629	4	87515467	0.0224979668553155
688	ENSG00000163638	3	64501488	0.654947298312017
689	ENSG00000163737	4	74846793	0.000129076789295971
690	ENSG00000163743	4	76404246	6.12030199453228e-05
691	ENSG00000163814	3	45123769	0.000306189632864103
692	ENSG00000163930	3	52435028	0.806699440010426
693	ENSG00000163932	3	53195135	0.536968427856043
694	ENSG00000163939	3	52579367	7.9617018360955e-09
695	ENSG00000164022	4	107236700	0.019066271840012
696	ENSG00000164040	4	129190396	0.0720593365200924
697	ENSG00000164078	3	49924434	0.0116129329769208
698	ENSG00000164120	4	175411327	3.67772915036341e-09
699	ENSG00000164197	5	63461708	6.71007173301481e-08
700	ENSG00000164400	5	131409482	0.000293564471661046
701	ENSG00000164442	6	139693392	7.2419760842068e-11
702	ENSG00000164494	6	107473760	0.00662228502038807
703	ENSG00000164741	8	12940869	7.63974357195532e-07
704	ENSG00000164825	8	6728096	0.0217703341649068
705	ENSG00000164938	8	95938199	0.662680170057374
706	ENSG00000165025	9	93564068	0.625077664108816
707	ENSG00000165060	9	71650478	0.34779482008602
708	ENSG00000165140	9	97365414	0.0131703326091785
709	ENSG00000165238	9	95947211	0.439816335895467
710	ENSG00000165325	11	93063136	0.035865239600237
711	ENSG00000165474	13	20761608	0.269376037699067
712	ENSG00000165478	11	124789088	2.55001682168689e-10
713	ENSG00000165556	13	28536273	0.00547153698486941
714	ENSG00000165617	14	59100785	0.0363926523425736
715	ENSG00000165699	9	135766734	0.598181467079006
716	ENSG00000165795	14	21485379	1.46592552140668e-17
717	ENSG00000165821	14	21989231	0.00514166423821349
718	ENSG00000166033	10	124221040	0.373939609784322
719	ENSG00000166091	14	23846016	3.11383812686119e-16
720	ENSG00000166164	16	50347397	0.0291725167031606
721	ENSG00000166200	15	49398267	0.233246355973129
722	ENSG00000166266	11	107879458	2.93728159925578e-05
723	ENSG00000166333	11	6624960	3.35401669241673e-05
724	ENSG00000166347	18	71920530	0.000538990171688415
725	ENSG00000166394	11	7686330	0.823095787829811
726	ENSG00000166444	11	8714897	0.00557061762072841
727	ENSG00000166454	16	81069451	0.370902924583874
728	ENSG00000166501	16	23847321	1.30619118118994e-06
729	ENSG00000166573	18	74962504	0.00807863699397553
730	ENSG00000166598	12	104324111	2.10257961335804e-05
731	ENSG00000166619	20	36120873	0.501737377006523
732	ENSG00000166813	15	90171207	0.902843801586856
733	ENSG00000166851	16	23688976	7.56216897363601e-21
734	ENSG00000166866	12	57422300	0.743466129353081
735	ENSG00000166923	15	33010174	0.901850135480692
736	ENSG00000166946	15	43477315	1.25518177757866e-05
737	ENSG00000167034	8	23536205	0.000535991035601988
738	ENSG00000167085	17	47481413	0.0070379995872625
739	ENSG00000167394	16	31072163	9.20427839444995e-06
740	ENSG00000167642	19	38734674	0.124016154378883
741	ENSG00000167657	19	3958450	0.263763371934478
742	ENSG00000167755	19	51461886	0.203234952707788
743	ENSG00000167772	19	8428172	0.745028398322935
744	ENSG00000168040	11	70049268	0.000104218765934571
745	ENSG00000168062	11	64755414	0.304797315320621
746	ENSG00000168229	14	52734430	0.000714899494330688
747	ENSG00000168389	1	40420801	0.54080543354365
748	ENSG00000168395	2	242641449	0.757736062771028
749	ENSG00000168556	4	184426146	0.87712936921115
750	ENSG00000168610	17	40465341	0.0131879031188905
751	ENSG00000168646	17	63524680	0.0286344720454417
752	ENSG00000168702	2	140988991	1.04018407385571e-11
753	ENSG00000168710	1	110527307	4.4830393013823e-06
754	ENSG00000168769	4	106067449	0.195548564100206
755	ENSG00000168772	4	105389468	0.184313644402365
756	ENSG00000168906	2	85766287	0.0804821138975194
757	ENSG00000169071	9	94325372	0.00628066780628151
758	ENSG00000169129	10	116054582	0.0167687811883496
759	ENSG00000169245	4	76942272	6.40238200818964e-07
760	ENSG00000169567	5	130494719	0.584737929015397
761	ENSG00000169855	3	78646390	0.926557935415486
762	ENSG00000169856	15	53049636	0.000198307514794813
763	ENSG00000170296	17	7143332	5.25522152753851e-05
764	ENSG00000170367	20	23856571	0.55923285971897
765	ENSG00000170476	5	138723168	0.92799218756913
766	ENSG00000170485	2	101436613	0.968228440606894
767	ENSG00000170498	1	204159468	0.0565532019605777
768	ENSG00000170549	5	3596167	0.023274039055063
769	ENSG00000170632	7	102715327	0.000202171994028789
770	ENSG00000170801	4	8271491	0.765233732056941
771	ENSG00000170873	8	125563030	0.318181718957526
772	ENSG00000170955	11	6340175	0.865635857232818
773	ENSG00000171056	8	10582908	1.8773882952803e-06
774	ENSG00000171132	2	45878912	0.00304891358707311
775	ENSG00000171345	17	39679868	0.834834116437934
776	ENSG00000171444	5	112357795	0.00226605374492152
777	ENSG00000171456	20	30946154	0.0278622626351747
778	ENSG00000171476	4	57514154	0.0546277499907424
779	ENSG00000171604	5	139026883	0.177039684185055
780	ENSG00000171720	5	141000442	0.0478317018973229
781	ENSG00000171735	1	6845383	0.0840745076393102
782	ENSG00000171862	10	89622869	3.64959515133532e-11
783	ENSG00000172005	2	95691421	0.000141618250355198
784	ENSG00000172201	6	19837616	2.14524743183887e-06
785	ENSG00000172403	4	119809995	7.7000323985954e-12
786	ENSG00000172530	16	87985037	0.00634806498264494
787	ENSG00000172531	11	67165653	5.75867576664567e-05
788	ENSG00000172732	11	65624596	6.65559918105426e-05
789	ENSG00000172977	11	65479466	2.08044863716655e-05
790	ENSG00000173432	11	18287720	0.701515527317586
791	ENSG00000173473	3	47626761	0.00495231392480768
792	ENSG00000173531	3	49721379	0.951513551031033
793	ENSG00000173542	4	71768042	0.0439744346512718
794	ENSG00000173641	1	16340522	5.9225496003921e-09
795	ENSG00000173801	17	39775691	0.00489140377900214
796	ENSG00000173889	3	169805371	0.132808352204796
797	ENSG00000173933	11	66384096	0.435295769464915
798	ENSG00000174282	17	7362684	2.49039883472583e-06
799	ENSG00000174292	17	7283852	0.979665060309946
800	ENSG00000174307	1	201434619	0.013217801142894
801	ENSG00000174744	11	66104803	1.17858630039059e-10
802	ENSG00000175054	3	142168078	0.0051589000183496
803	ENSG00000175161	3	85008131	4.43011233498916e-10
804	ENSG00000175315	11	65779311	0.407366479930712
805	ENSG00000175354	18	12785476	3.1483754665222e-06
806	ENSG00000175356	11	9041070	0.00146214479519755
807	ENSG00000175387	18	45357921	0.210371944705283
808	ENSG00000175390	11	7991797	0.585346962425822
809	ENSG00000175662	17	17746827	6.40517027408391e-07
810	ENSG00000175793	1	27189632	0.00464422538698838
811	ENSG00000176046	16	28548605	0.0774381830086922
812	ENSG00000176124	13	50656306	0.00956469521652118
813	ENSG00000176485	11	63340666	0.143939648406178
814	ENSG00000176490	19	2714564	0.0811840986154623
815	ENSG00000176788	5	17065706	0.523080809580014
816	ENSG00000176887	2	5832798	3.15305895758638e-09
817	ENSG00000177374	17	1957447	0.00632538979722926
818	ENSG00000177409	7	92759367	0.54451510472005
819	ENSG00000177425	12	79968758	0.452368260922338
820	ENSG00000177463	3	14989090	0.135506062462286
821	ENSG00000177519	2	154333851	8.54716998582661e-05
822	ENSG00000178175	5	71738478	2.72160687423406e-08
823	ENSG00000178343	4	42399855	5.08463636204785e-11
824	ENSG00000178568	2	212240445	8.2914750351027e-05
825	ENSG00000178585	1	9908333	0.452072455005476
826	ENSG00000178691	17	30264036	0.00145238326251243
827	ENSG00000178726	20	23026269	2.47001694178262e-06
828	ENSG00000178764	8	123793632	0.0683609539062783
829	ENSG00000178773	16	89642175	0.00128488459630334
830	ENSG00000179242	20	59827481	0.823537139580574
831	ENSG00000179271	19	13064971	2.78781336861228e-12
832	ENSG00000179295	12	112856154	0.0529584597426141
833	ENSG00000179399	13	92050928	7.39662612326143e-07
834	ENSG00000179456	1	244214584	0.22372970375622
835	ENSG00000179593	17	7942334	0.186712094417121
836	ENSG00000179776	16	66400532	0.00771215966896683
837	ENSG00000179796	3	26664296	1.77609709367468e-06
838	ENSG00000180447	9	89559278	1.99286572987948e-05
839	ENSG00000180871	2	218990011	0.0184741194872268
840	ENSG00000180900	8	144873089	3.81720009471453e-11
841	ENSG00000180953	15	80191181	6.83182930339604e-16
842	ENSG00000181007	19	36874021	0.010705404629685
843	ENSG00000181163	5	170814119	9.73748700812942e-06
844	ENSG00000181555	3	47058178	1.13649662212627e-05
845	ENSG00000181649	11	2949502	0.000100608702487428
846	ENSG00000182168	4	96083654	1.06449108800554e-05
847	ENSG00000182197	8	118806728	0.452519905904056
848	ENSG00000182253	15	99638419	0.000237984389445617
849	ENSG00000182580	3	184279571	0.100156076790193
850	ENSG00000182636	15	23930564	1.03233151304782e-06
851	ENSG00000182782	12	123185839	0.546061986947326
852	ENSG00000182916	23	102585123	2.2972887058608e-05
853	ENSG00000182985	11	115039955	0.00175306144555943
854	ENSG00000183117	8	2792874	0.00216669939212089
855	ENSG00000183454	16	9852375	0.00232300819440934
856	ENSG00000183479	23	152710177	4.23382620214746e-05
857	ENSG00000183715	11	132284874	0.000542260190056157
858	ENSG00000183765	22	29083730	2.12562829138874e-06
859	ENSG00000183770	3	138663065	0.0406133771367716
860	ENSG00000183814	1	226418849	5.35447818405953e-08
861	ENSG00000184047	12	122692209	0.00318043114134501
862	ENSG00000184226	13	66876966	1.2856186794794e-12
863	ENSG00000184281	11	2421717	0.102713848350164
864	ENSG00000184481	23	70316046	1.44230897766356e-13
865	ENSG00000184557	17	76352863	7.18559888090513e-05
866	ENSG00000184675	23	63404996	0.541845057052065
867	ENSG00000184828	18	45553043	9.38088053367377e-06
868	ENSG00000184937	11	32409320	0.613578987680955
869	ENSG00000185024	14	105675622	0.00245576965764992
870	ENSG00000185338	16	11348261	0.395992816414513
871	ENSG00000185345	6	161768451	2.37196766360718e-14
872	ENSG00000185559	14	101192041	1.85220702522344e-05
873	ENSG00000185565	3	115529163	0.000832777983315041
874	ENSG00000185811	7	50344377	0.323024636396065
875	ENSG00000185920	9	98205261	0.000106270095544643
876	ENSG00000185988	19	1524072	0.773004310661729
877	ENSG00000186153	16	78133309	0.000290984262029277
878	ENSG00000186532	17	1682778	0.660023177717045
879	ENSG00000186575	22	29999544	0.0624926353164661
880	ENSG00000186654	22	45064592	0.807903994265163
881	ENSG00000186716	22	23521890	0.375526813747372
882	ENSG00000186891	1	1138887	7.8629105363523e-06
883	ENSG00000186951	22	46546423	2.51746133194394e-05
884	ENSG00000187045	22	37461475	0.863935492478172
885	ENSG00000187054	4	68775102	0.0439730944039947
886	ENSG00000187091	3	38048986	5.23140612679936e-05
887	ENSG00000187140	1	63788729	0.13550160005884
888	ENSG00000187323	18	49866541	9.75122072633537e-06
889	ENSG00000187608	1	948802	1.59331606486193e-07
890	ENSG00000187678	5	141689991	0.374408885510958
891	ENSG00000187908	10	124320180	0.592836986397368
892	ENSG00000188215	16	20866246	0.0110940659385667
893	ENSG00000188257	1	20301924	0.000200529553487505
894	ENSG00000188486	11	118964563	4.83331309005229e-19
895	ENSG00000188827	16	3631181	6.72961679549487e-07
896	ENSG00000188994	6	87865266	0.868908819711665
897	ENSG00000189067	16	11641852	0.00409687549021749
898	ENSG00000189079	12	46123447	0.0508540379811919
899	ENSG00000189283	3	59735035	0.0114102184601672
900	ENSG00000189431	11	13030695	0.743856516335514
901	ENSG00000196090	20	40701391	2.03719681020732e-05
902	ENSG00000196092	9	36833271	0.824887499123822
903	ENSG00000196159	4	126237553	1.95914232995688e-11
904	ENSG00000196220	3	9022274	0.149935204795008
905	ENSG00000196396	20	49126890	0.220161936041724
906	ENSG00000196411	7	100400186	0.657837416700279
907	ENSG00000196470	16	48390274	0.152966034667305
908	ENSG00000196549	3	154741912	0.00444396416005706
909	ENSG00000196581	1	4714791	5.23841071733792e-05
910	ENSG00000196628	18	52889561	0.00710874067010368
911	ENSG00000196712	17	29421944	0.831983111274278
912	ENSG00000196730	9	90112142	0.00103263056912599
913	ENSG00000196754	1	153533583	0.0188104296422365
914	ENSG00000196914	11	120207786	5.37294912905414e-12
915	ENSG00000197081	6	160390130	0.867186510460962
916	ENSG00000197181	8	22132809	0.000155100634265771
917	ENSG00000197299	15	91260557	2.93713332623575e-15
918	ENSG00000197381	21	46493767	0.00119308587302944
919	ENSG00000197579	9	32540541	2.25884570289167e-17
920	ENSG00000197599	16	1484383	0.00887389043129376
921	ENSG00000197635	2	162848750	0.124105165308774
922	ENSG00000198300	19	57321444	3.92155406826697e-20
923	ENSG00000198382	11	75526211	3.94386684064763e-05
924	ENSG00000198417	16	56691605	0.00535382886693602
925	ENSG00000198553	13	50589389	0.0900245751468135
926	ENSG00000198561	11	57520714	0.737657889202696
927	ENSG00000198650	16	71599562	0.0180767668597709
928	ENSG00000198680	9	25676395	0.00905342607423276
929	ENSG00000198924	10	115594487	0.00361256062086437
930	ENSG00000198947	23	31137337	3.37441302537002e-09
931	ENSG00000198964	10	52065359	1.0318739107423e-06
932	ENSG00000204138	1	28696113	0.0689706205111254
933	ENSG00000204217	2	203241658	1.60951704881254e-06
934	ENSG00000204370	11	111957496	0.000286298700525782
935	ENSG00000204472	6	31582960	0.1496561656269
936	ENSG00000204610	6	30130992	0.0574051290624701
937	ENSG00000204616	6	30070673	0.718972989124281
938	ENSG00000204859	1	6640060	0.754806808762286
939	ENSG00000204977	13	50570948	0.0832675807310937
940	ENSG00000205076	19	39261610	0.231397307854319
941	ENSG00000205364	16	56666144	6.22391201314063e-13
942	ENSG00000206075	18	61143993	0.0102797130290811
943	ENSG00000211445	5	150400123	1.18798621476702e-08
944	ENSG00000213341	10	101948054	0.0891301220718893
945	ENSG00000213853	16	10622278	0.126435727505594
946	ENSG00000214548	14	101292444	0.000166848047122611
947	ENSG00000215218	5	6448735	0.0906010014857847
948	ENSG00000215301	23	41192650	1.57762454294825e-12
949	ENSG00000221829	9	35073831	2.79548297959782e-14
950	ENSG00000221869	8	48649470	0.0257594148285552
951	ENSG00000225921	6	13615820	0.00246124967721739
952	ENSG00000231607	13	50601268	4.12153243964098e-13
953	ENSG00000233608	2	239756672	9.88113910855559e-08
954	ENSG00000234741	1	173833037	1.50178112669225e-05
955	ENSG00000239306	11	66384052	8.98844003773701e-07
956	ENSG00000239672	17	49230896	9.27139155931536e-17
957	ENSG00000239697	17	7452207	5.83127967545055e-05
958	ENSG00000240184	5	140855579	0.0148853836588868
959	ENSG00000241186	3	46653924	0.00020767133183731
960	ENSG00000241697	9	103204559	0.437823362492953
961	ENSG00000243709	1	226073981	0.266755805732832
962	ENSG00000243725	1	55181494	0.50776292518396
963	ENSG00000243989	3	52009065	0.926618559883186
964	ENSG00000245848	19	33790839	0.779041429515005
965	ENSG00000253958	8	8559447	0.202813779107866
966	ENSG00000256870	12	101549270	0.000334033886492139
967	ENSG00000257923	7	101458958	0.840381508186559
968	ENSG00000259207	17	45331211	0.00634001158679251
969	ENSG00000261857	19	41277552	0.982043126715128
973	ENSG00000266173	17	61780191	0.211988494623333
