	SNP	Chromosome	Position	trait1
1	ENSG00000001617	3	50192477	0.787218476167586
2	ENSG00000001626	7	117120016	0.696880972715037
3	ENSG00000001631	7	91828282	0.838185388777019
4	ENSG00000002822	7	1855429	0.434627798336679
5	ENSG00000003756	3	50126340	0.0627759123791835
6	ENSG00000004534	3	49977439	0.20359936626964
7	ENSG00000004838	3	50378540	0.143071272793327
8	ENSG00000004866	7	116593291	0.373861117610837
9	ENSG00000005339	16	3775054	0.067275882026204
10	ENSG00000006327	16	3068445	0.0055400139940613
11	ENSG00000007168	17	2496503	0.536932800746454
12	ENSG00000007372	11	31806339	0.7313176485894
13	ENSG00000007968	1	23832921	0.253621217759827
14	ENSG00000008226	3	38080695	0.00123881663272953
15	ENSG00000008710	16	2138710	0.575268131221595
16	ENSG00000008853	8	22844929	0.451054771329608
17	ENSG00000010017	6	13621729	0.769568964387461
18	ENSG00000010610	12	6896023	0.00192964490963483
19	ENSG00000010671	23	100604434	0.0303670618819793
20	ENSG00000011465	12	91539024	0.423692190745436
21	ENSG00000012048	17	41196311	0.0607889117984809
22	ENSG00000012171	3	50304989	0.502543200788577
23	ENSG00000012223	3	46477135	0.0104698169672687
24	ENSG00000012232	8	28480245	0.770238696621695
25	ENSG00000013016	2	31456879	0.976620151667731
26	ENSG00000013588	12	13043715	0.00470873132984663
27	ENSG00000014123	6	96969683	0.906964152650343
28	ENSG00000015171	10	180404	0.00599892021182748
29	ENSG00000017427	12	102789644	0.199181875449339
30	ENSG00000019485	11	45115563	0.0633342135409562
31	ENSG00000019505	11	45261851	0.0435237982104346
32	ENSG00000020633	1	25226001	0.428923178442331
33	ENSG00000022267	23	135229558	0.649497500480418
34	ENSG00000023191	11	494511	0.810562028922604
35	ENSG00000023287	8	53535015	0.0263241589447483
36	ENSG00000023902	1	150121372	0.370056430417958
37	ENSG00000026025	10	17270257	0.483797617245276
38	ENSG00000026103	10	90750413	0.465965509949067
39	ENSG00000026508	11	35160416	0.28615058626973
40	ENSG00000028203	12	95611521	0.00739913562644572
41	ENSG00000030419	2	213864428	0.0354030584818853
42	ENSG00000032742	13	21140584	0.0430378415632428
43	ENSG00000033800	15	68346516	0.457581641690856
44	ENSG00000035664	15	64199234	0.131476121762411
45	ENSG00000039068	16	68771127	0.169222022643356
46	ENSG00000040199	16	71671737	0.191664299177371
47	ENSG00000042493	2	85621870	0.999388421606971
48	ENSG00000043514	1	40306722	0.17182614186321
49	ENSG00000044524	3	89156673	0.194209885320913
50	ENSG00000049759	18	55711598	0.126257401034836
51	ENSG00000049768	23	49106896	0.393395500780227
52	ENSG00000050165	11	11984652	0.178909880988837
53	ENSG00000050405	12	50569570	0.694728852959167
54	ENSG00000050748	5	179660142	0.567561568948023
55	ENSG00000054523	1	10270862	0.849134692288495
56	ENSG00000054598	6	1610680	0.391962890629853
57	ENSG00000055130	7	148395005	0.129775584316986
58	ENSG00000055609	7	151832009	0.022117796654968
59	ENSG00000057657	6	106534194	0.503447268274544
60	ENSG00000060339	10	70480970	0.302866969703575
61	ENSG00000061337	8	20103675	0.00449791332291731
62	ENSG00000063169	19	48111452	0.798534465585949
63	ENSG00000063438	5	304290	0.0395304626502106
64	ENSG00000064012	2	202098165	0.727057135115141
65	ENSG00000064201	11	2323226	0.205608243689554
66	ENSG00000064300	17	47572654	0.79544861354694
67	ENSG00000064393	7	139246315	0.414858598998385
68	ENSG00000065559	17	11924140	0.239046347497875
69	ENSG00000066336	11	47376410	0.500590166293378
70	ENSG00000067066	2	231280656	0.609454629915794
71	ENSG00000067082	10	3818187	0.875376461035229
72	ENSG00000067369	15	43699406	0.317665720997994
73	ENSG00000067560	3	49396577	0.26348651236699
74	ENSG00000068028	3	50367218	0.820395742766971
75	ENSG00000068903	19	39369196	0.110232623051652
76	ENSG00000069702	1	92145901	0.08066660578247
77	ENSG00000069869	15	56119119	0.116837296594368
78	ENSG00000070019	12	14765575	0.835908992512854
79	ENSG00000070444	17	2287353	0.963993749540324
80	ENSG00000071242	6	166822851	0.240957713463969
81	ENSG00000071243	7	120590802	0.00164429552275625
82	ENSG00000071564	19	1609290	0.572451341370843
83	ENSG00000071794	3	148747913	0.0306716569699974
84	ENSG00000072133	23	83318983	0.959224791965484
85	ENSG00000072609	12	133416936	0.946723797947097
86	ENSG00000072786	5	171469076	0.710120325684942
87	ENSG00000072952	11	10594637	0.401745912804429
88	ENSG00000073150	22	50609159	0.0190991910992534
89	ENSG00000073282	3	189349204	0.7770161807753
90	ENSG00000073578	5	218355	0.806975635258407
91	ENSG00000073614	12	389294	0.700623483424863
92	ENSG00000074181	19	15270443	0.0477053383707226
93	ENSG00000074211	4	6324670	0.0292689462704792
94	ENSG00000074266	11	85955585	0.53428577369211
95	ENSG00000074319	11	18489882	0.341144171401811
96	ENSG00000074590	12	106457117	0.000612824790052008
97	ENSG00000075391	1	178062863	0.0208287763128169
98	ENSG00000075651	3	171318194	0.913287417462114
99	ENSG00000075711	3	196769430	0.598269535167985
100	ENSG00000075785	3	128444964	0.00559099172889952
101	ENSG00000076201	3	47422500	0.813892144926769
102	ENSG00000076242	3	37035338	0.606049186412944
103	ENSG00000076864	1	21922707	0.88359152839166
104	ENSG00000077092	3	25215822	0.840901837346905
105	ENSG00000077254	1	78161671	0.202434971062761
106	ENSG00000077463	19	4174105	0.154107315842749
107	ENSG00000077942	22	45898117	0.526254940329097
108	ENSG00000078304	14	102228134	0.753405855629963
109	ENSG00000078725	9	121928907	0.997181951752851
110	ENSG00000078900	1	3569083	0.670040507631037
111	ENSG00000079112	8	95139398	0.0130124830796372
112	ENSG00000079246	2	216972186	0.0946996856172304
113	ENSG00000079257	3	158363610	0.963205354649905
114	ENSG00000079385	19	43011455	0.0292587887866394
115	ENSG00000079432	19	42772688	0.487669445679296
116	ENSG00000080503	9	2015341	0.00335012895842958
117	ENSG00000080839	20	35624751	0.112677239717902
118	ENSG00000081237	1	198608145	0.000468968238215266
119	ENSG00000081913	18	60382671	0.00388142034202414
120	ENSG00000082175	11	100900354	0.194491088514664
121	ENSG00000082397	18	5392382	0.63731477036562
122	ENSG00000082701	3	119540169	0.0876167044165106
123	ENSG00000083093	16	23614487	0.589156796698878
124	ENSG00000083642	13	33160563	0.349332276827088
125	ENSG00000083799	16	50775960	0.0193155999177692
126	ENSG00000083857	4	187508936	0.149443684221029
127	ENSG00000084207	11	67351065	0.65594844021472
128	ENSG00000085117	11	44585976	0.948073641100195
129	ENSG00000085185	23	129115082	0.0024998509260708
130	ENSG00000085382	6	105175967	0.508167725495372
131	ENSG00000085511	6	161412758	0.36348024719484
132	ENSG00000085662	7	134127101	0.0891821136412849
133	ENSG00000085741	11	75897368	0.200704833479678
134	ENSG00000086730	7	73613981	0.274626893917064
135	ENSG00000087085	7	100487614	0.39704671233985
136	ENSG00000087088	19	49458071	0.891592050483129
137	ENSG00000087206	5	176332005	0.381512063246367
138	ENSG00000088038	19	54641443	0.0611172114972914
139	ENSG00000088305	20	31350190	0.00203414679987159
140	ENSG00000089163	12	120740118	0.229768415344921
141	ENSG00000089220	12	118573662	0.0123523994179464
142	ENSG00000089225	12	114791735	0.00307412584275541
143	ENSG00000089280	16	31191430	0.856589233433245
144	ENSG00000090238	16	30103634	0.103796562801969
145	ENSG00000091129	7	107788081	0.439714200678174
146	ENSG00000091483	1	241660902	0.579247835216859
147	ENSG00000091831	6	151977825	0.0442751672926441
148	ENSG00000094916	12	54624723	0.620259977350051
149	ENSG00000095002	2	47630107	0.0937220275661372
150	ENSG00000095585	10	97951457	0.000979133971828224
151	ENSG00000095794	10	35415718	0.242786562914532
152	ENSG00000095951	6	12008994	0.684278858432104
153	ENSG00000096696	6	7541807	0.635103174945234
154	ENSG00000096717	10	69644426	0.477908469227087
155	ENSG00000097033	1	87170258	0.741945446101762
156	ENSG00000099769	16	1840413	0.0684526037761761
157	ENSG00000099810	9	21802647	0.354298136366061
158	ENSG00000099860	19	2476119	0.353379444308373
159	ENSG00000099956	22	24129149	0.0500428254363117
160	ENSG00000100003	22	30792845	0.634088346882834
161	ENSG00000100033	22	18900293	0.0266099774911344
162	ENSG00000100084	22	19318220	0.00832348606672573
163	ENSG00000100234	22	33197686	0.598696057884913
164	ENSG00000100276	22	29708921	0.108762824998347
165	ENSG00000100290	22	43506753	0.574299740367708
166	ENSG00000100345	22	36677326	0.349705455403042
167	ENSG00000100380	22	41220538	0.829940889720559
168	ENSG00000100614	14	60712469	0.0384268740150619
169	ENSG00000100644	14	62162230	0.0406744103207099
170	ENSG00000100697	14	95552564	0.376278578501138
171	ENSG00000100941	14	39644386	0.364374581812402
172	ENSG00000101076	20	42984339	0.85620748458976
173	ENSG00000101096	20	50003493	0.410475688800632
174	ENSG00000101115	20	50400580	0.0013912559234927
175	ENSG00000101191	20	61509089	0.219303216556045
176	ENSG00000101265	20	4760668	0.0294649108708104
177	ENSG00000101412	20	32263488	0.0531746723511472
178	ENSG00000101596	18	2655736	0.871532813293678
179	ENSG00000101773	18	20378223	0.333049134943985
180	ENSG00000101955	23	38008588	0.000574342051799576
181	ENSG00000102054	23	16857405	0.347893942623334
182	ENSG00000102554	13	73629113	0.896218598531619
183	ENSG00000102786	13	51928212	0.617695150520546
184	ENSG00000102804	13	45007654	0.252361922569993
185	ENSG00000102837	13	53602893	0.447382268286346
186	ENSG00000102974	16	67596309	0.582082487353353
187	ENSG00000103034	16	58496749	0.0994750615689105
188	ENSG00000103126	16	337439	0.99584006928478
189	ENSG00000103175	16	84328251	0.0944641872644449
190	ENSG00000103197	16	2097465	0.208296829253343
191	ENSG00000103264	16	87401257	0.075361534721569
192	ENSG00000103266	16	730223	0.495818846576963
193	ENSG00000103479	16	53467888	0.103052675055332
194	ENSG00000103490	16	31212805	0.700497384973434
195	ENSG00000103942	15	83532964	0.791646921602005
196	ENSG00000104081	15	40380090	0.599194382603042
197	ENSG00000104213	8	17433941	0.0398999918882142
198	ENSG00000104219	8	17013537	0.180308659047272
199	ENSG00000104228	8	27142403	0.000149715113108304
200	ENSG00000104320	8	90945563	0.179229400928216
201	ENSG00000104332	8	41119480	0.788115514763778
202	ENSG00000104413	8	95653301	0.451365102592395
203	ENSG00000104419	8	134249413	0.00209821470357772
204	ENSG00000104689	8	23047964	0.371327267129089
205	ENSG00000104695	8	30657096	0.291259884088649
206	ENSG00000104765	8	26240712	0.224057482298375
207	ENSG00000104814	19	39078280	0.00393052005779594
208	ENSG00000104899	19	2249307	0.3464366506181
209	ENSG00000105185	19	33071973	0.187928772630044
210	ENSG00000105325	19	3506270	0.016155293709121
211	ENSG00000105327	19	47724080	0.162940810618318
212	ENSG00000105329	19	41807491	0.00195296378655592
213	ENSG00000105373	19	48248778	0.0160428282105637
214	ENSG00000105722	19	42751723	0.445728564682134
215	ENSG00000105767	19	44126519	0.171218457333165
216	ENSG00000105810	7	92234234	0.0244243195102095
217	ENSG00000105825	7	93514708	0.703183237234208
218	ENSG00000105856	7	106809405	0.266987776945717
219	ENSG00000105974	7	116164838	0.00220005603696769
220	ENSG00000106123	7	142552791	0.133868118802989
221	ENSG00000106144	7	142985307	0.231032380165245
222	ENSG00000106305	7	6048875	0.00207937117108788
223	ENSG00000106459	7	129251554	0.0359872843244252
224	ENSG00000106462	7	148504474	0.0650805043543802
225	ENSG00000106483	7	37949260	0.162267613636927
226	ENSG00000106536	7	39017597	0.771562524116765
227	ENSG00000106537	7	16793159	0.108357453227574
228	ENSG00000106546	7	17338245	0.302383237362992
229	ENSG00000106638	7	72983261	0.00111481899376691
230	ENSG00000106852	9	124964855	0.266254484855655
231	ENSG00000107104	9	470290	0.0121935367202767
232	ENSG00000107201	9	32455299	0.309643163608868
233	ENSG00000107551	10	45454854	0.425590938139212
234	ENSG00000107562	10	44793037	0.3922215660259
235	ENSG00000107731	10	72972326	0.0170368085945826
236	ENSG00000107779	10	88516406	0.468981000171516
237	ENSG00000107882	10	104263743	0.138032139012185
238	ENSG00000107937	10	1034337	0.000221341998522063
239	ENSG00000107954	10	105253735	0.782037002124888
240	ENSG00000107968	10	30722865	0.988615574243721
241	ENSG00000107984	10	54074055	0.0383187681178504
242	ENSG00000108001	10	131633546	0.681610535229444
243	ENSG00000108094	10	35297478	0.0059437099243001
244	ENSG00000108384	17	56769933	0.703766235380698
245	ENSG00000108518	17	4848946	0.1364306461868
246	ENSG00000108799	17	40852292	0.000345663097574129
247	ENSG00000108946	17	66507920	0.969715058586929
248	ENSG00000108963	17	1933403	0.596334698530623
249	ENSG00000109062	17	72744790	0.502028264960303
250	ENSG00000109320	4	103422485	0.0642451961020351
251	ENSG00000109339	4	86936275	0.0762571842421923
252	ENSG00000109452	4	142944312	0.795046449516908
253	ENSG00000109670	4	153242409	0.100283401638055
254	ENSG00000109854	11	20385230	0.0086713680270303
255	ENSG00000109906	11	113930314	0.385716116656833
256	ENSG00000110002	11	123986068	0.0182547632257594
257	ENSG00000110171	11	6469842	0.797850596192984
258	ENSG00000110395	11	119076751	0.714498259698729
259	ENSG00000110514	11	47290926	0.23116535828417
260	ENSG00000110711	11	67250511	0.929705259088831
261	ENSG00000110713	11	3696239	0.0857565878741141
262	ENSG00000110851	12	108126642	0.831065726777709
263	ENSG00000111087	12	57853917	0.31428537085075
264	ENSG00000111252	12	111843751	0.934567882447048
265	ENSG00000111276	12	12867991	0.00645238854346464
266	ENSG00000111328	12	123745527	0.194476818263433
267	ENSG00000111344	12	113536623	0.313560096724393
268	ENSG00000111424	12	48235319	0.562612337111355
269	ENSG00000111653	12	6759445	0.0128911654563328
270	ENSG00000111679	12	7055630	0.0403460707893201
271	ENSG00000111816	6	116252311	0.722116276313875
272	ENSG00000111877	6	119134604	0.734334189998177
273	ENSG00000111961	6	148593439	0.348603553808073
274	ENSG00000112096	6	160100150	0.509767831305743
275	ENSG00000112130	6	37321747	0.664686580600014
276	ENSG00000112237	6	99990255	0.712788749485541
277	ENSG00000112242	6	20402397	0.00513744342886226
278	ENSG00000112319	6	133561735	0.00584968296626273
279	ENSG00000112406	6	139456248	0.412330484873792
280	ENSG00000112530	6	163148163	0.00323791961454525
281	ENSG00000112679	6	291629	0.715062033218547
282	ENSG00000112715	6	43737920	0.000369337670747276
283	ENSG00000112761	6	112375274	0.768445519394321
284	ENSG00000113083	5	121398889	6.04450937231625e-08
285	ENSG00000113140	5	151040656	1.19510135272478e-05
286	ENSG00000113391	5	92953774	0.927353427504846
287	ENSG00000113575	5	133530024	0.0360340375690198
288	ENSG00000113594	5	38475064	0.0513973930007313
289	ENSG00000113712	5	148871759	0.161389841346048
290	ENSG00000113763	5	176237477	2.43144905999044e-07
291	ENSG00000113905	3	186383740	0.601487100656267
292	ENSG00000114021	3	100053544	0.616737408159207
293	ENSG00000114115	3	139236275	0.568345354824781
294	ENSG00000114204	3	167159576	0.71328232731122
295	ENSG00000114251	3	55499742	0.90637067652989
296	ENSG00000114346	3	172468471	0.000713538519166697
297	ENSG00000114383	3	50357457	0.0171338422605258
298	ENSG00000114388	3	50384760	0.0107478288492387
299	ENSG00000114395	3	50388125	0.330128952454417
300	ENSG00000114742	3	39093488	0.00454618897755264
301	ENSG00000114861	3	71003843	0.591019942110523
302	ENSG00000114978	2	74379654	0.660958837371976
303	ENSG00000115216	2	27650656	0.0017526734687054
304	ENSG00000115306	2	54683421	0.896513354890692
305	ENSG00000115310	2	55254342	0.000329148392667829
306	ENSG00000115317	2	74756503	0.91583091876453
307	ENSG00000115325	2	74776152	0.458793096708057
308	ENSG00000115415	2	191829083	0.397199530544847
309	ENSG00000115461	2	217536827	0.0835635316424209
310	ENSG00000115526	2	101008326	0.734073406378856
311	ENSG00000115548	2	86667769	0.0755444772417112
312	ENSG00000115963	2	151331388	0.00042616024623736
313	ENSG00000116016	2	46520805	0.290576828171733
314	ENSG00000116254	1	6161852	0.174016583230642
315	ENSG00000116285	1	8064463	0.0920603647014151
316	ENSG00000116288	1	8014350	0.998106070644536
317	ENSG00000116473	1	112084839	0.718635124712465
318	ENSG00000116478	1	32757686	0.469409167804647
319	ENSG00000116525	1	33611002	0.442251921943451
320	ENSG00000116717	1	68150743	0.728418900749593
321	ENSG00000116731	1	14026692	0.0538029955133422
322	ENSG00000116885	1	36881427	0.1842839820055
323	ENSG00000117118	1	17345216	0.473525592920731
324	ENSG00000117228	1	89518001	0.788849828219049
325	ENSG00000117425	1	45285515	0.701716340001518
326	ENSG00000117707	1	214161273	0.995636523994891
327	ENSG00000117713	1	27022523	0.809294129770845
328	ENSG00000118046	19	1189405	0.0583091169310387
329	ENSG00000118307	12	25261353	0.00810403648050251
330	ENSG00000118308	12	25173935	0.00286955948281126
331	ENSG00000118495	6	144261438	0.0166196887454286
332	ENSG00000118503	6	138188350	0.751623258010621
333	ENSG00000118520	6	131894283	0.558578820558921
334	ENSG00000118523	6	132269315	0.0114232546589107
335	ENSG00000118689	6	108881037	0.187899823603465
336	ENSG00000118777	4	89011415	0.0408000972510388
337	ENSG00000118946	13	58205943	0.486125634814265
338	ENSG00000119147	2	106679749	0.17455579101895
339	ENSG00000119318	9	110045417	0.261426795650173
340	ENSG00000119383	9	131873228	0.573670512820486
341	ENSG00000119401	9	119449580	0.366257563904113
342	ENSG00000119508	9	102584136	0.560429241127194
343	ENSG00000119684	14	75480466	0.902200383589921
344	ENSG00000119715	14	76776956	0.0850149746268307
345	ENSG00000119772	2	25455844	0.200001894826562
346	ENSG00000119950	10	111967362	0.617177691998745
347	ENSG00000120008	10	122610686	0.0379483384792222
348	ENSG00000120057	10	99526507	0.0500518306343766
349	ENSG00000120129	5	172195092	0.942655431246919
350	ENSG00000120370	1	170501269	0.123133506983961
351	ENSG00000120708	5	135364583	7.92631970084025e-05
352	ENSG00000120727	5	138677275	0.817948199797615
353	ENSG00000120733	5	137688284	0.539658765578504
354	ENSG00000120738	5	137801178	0.792469949732562
355	ENSG00000120868	12	99038918	0.2299959993316
356	ENSG00000120885	8	27454433	0.256756151355527
357	ENSG00000120889	8	22877645	0.428877084015536
358	ENSG00000120910	8	22298331	0.00167546663805084
359	ENSG00000120942	1	11333262	0.868019779749907
360	ENSG00000121067	17	47676245	0.255795865913458
361	ENSG00000121454	1	180199420	0.157262863221807
362	ENSG00000121691	11	34460471	0.155329819421515
363	ENSG00000121769	1	31838471	0.538841754019146
364	ENSG00000122025	13	28577410	0.000143791188917175
365	ENSG00000122035	13	27844463	0.029365283321514
366	ENSG00000122133	9	138453601	2.24833027873944e-06
367	ENSG00000122406	1	93297581	0.887879826576312
368	ENSG00000122707	9	36036429	0.239682287525227
369	ENSG00000122779	7	138145078	0.207598734010888
370	ENSG00000122877	10	64574192	0.846606688653466
371	ENSG00000123080	1	51426416	0.582636112671617
372	ENSG00000123094	12	26111961	0.0212935847502694
373	ENSG00000123095	12	26272958	0.813102268760518
374	ENSG00000123358	12	52416615	0.734231681150946
375	ENSG00000123374	12	56360552	0.00786742453057661
376	ENSG00000123612	2	158383278	0.299050941300295
377	ENSG00000123689	1	209848764	0.0171193031804531
378	ENSG00000124092	20	56071034	0.0244810385669953
379	ENSG00000124160	20	44689623	0.0848972261783714
380	ENSG00000124571	6	43490071	0.00311620655814818
381	ENSG00000124713	6	42928495	0.0591683788460276
382	ENSG00000124762	6	36644304	0.997229309890011
383	ENSG00000124802	6	8073592	0.075818519859904
384	ENSG00000124813	6	45295893	0.0883688497864788
385	ENSG00000125144	16	56700642	0.0257897700830628
386	ENSG00000125148	16	56642110	0.00454836216412143
387	ENSG00000125347	5	131817300	0.585181768528314
388	ENSG00000125378	14	54416453	0.558582760749113
389	ENSG00000125482	9	135251007	0.701325513381164
390	ENSG00000125657	19	6531009	0.0583966642566002
391	ENSG00000125780	20	2276646	0.859397844803912
392	ENSG00000125798	20	22561642	0.13399328259854
393	ENSG00000125841	20	327425	0.238333225020824
394	ENSG00000125845	20	6748310	0.690612591553531
395	ENSG00000125952	14	65472891	0.203019445137841
396	ENSG00000126351	17	38214542	0.035201870226911
397	ENSG00000126456	19	50162825	0.704571412000678
398	ENSG00000126561	17	40439564	0.00760948704291966
399	ENSG00000126581	17	40962151	0.858072273927584
400	ENSG00000127124	1	41972035	0.486789089072423
401	ENSG00000127445	19	9945932	0.000920001038810359
402	ENSG00000127616	19	11071597	0.361384401766926
403	ENSG00000127831	2	219283814	0.495438358504253
404	ENSG00000127947	7	77166591	0.000247620821522659
405	ENSG00000128016	19	39897452	0.802362846174789
406	ENSG00000128594	7	127667123	0.0996690907309383
407	ENSG00000128596	7	128431497	0.996367018643553
408	ENSG00000128604	7	128577665	0.975659276949108
409	ENSG00000128918	15	58306055	0.153342969359446
410	ENSG00000129071	3	129149786	0.596348447295041
411	ENSG00000129194	17	7491495	0.394015573043095
412	ENSG00000129422	8	17501303	0.118114026259146
413	ENSG00000129451	19	51515994	0.550306055205677
414	ENSG00000129514	14	38059188	0.11284978803518
415	ENSG00000129521	14	34398304	0.0490153961657271
416	ENSG00000129596	5	115140429	0.163969469647212
417	ENSG00000129757	11	2904442	0.792758514151214
418	ENSG00000129993	16	88941265	0.0228173746108547
419	ENSG00000130176	19	11649531	0.559659991183888
420	ENSG00000130222	9	92219927	0.1065624294833
421	ENSG00000130254	19	5587009	0.00333990334325189
422	ENSG00000130347	6	107018902	0.307128329849324
423	ENSG00000130600	11	2016405	0.000314658721308817
424	ENSG00000130700	20	61038552	0.620732917062333
425	ENSG00000130707	9	133320315	0.786209834576906
426	ENSG00000130816	19	10244020	0.441497352968029
427	ENSG00000130829	23	152907945	0.0149802496372585
428	ENSG00000130939	1	10092889	0.792474747459405
429	ENSG00000131016	6	151561133	0.0266361531721508
430	ENSG00000131023	6	149979288	0.382455122824908
431	ENSG00000131080	23	65815478	0.665417724994433
432	ENSG00000131435	5	131593363	0.504009018358622
433	ENSG00000131669	9	95883770	0.4665978273623
434	ENSG00000131771	17	37782992	0.63715335910315
435	ENSG00000131899	17	18128900	0.511192055389281
436	ENSG00000131910	1	27237979	0.654953487892378
437	ENSG00000132170	3	12328866	0.241909907638651
438	ENSG00000132326	2	239152678	0.00643935328859006
439	ENSG00000132356	5	40759480	0.886968518928894
440	ENSG00000132382	17	4442191	0.138548207946779
441	ENSG00000132383	17	1732995	0.834138101846671
442	ENSG00000132530	17	6658765	0.636661294033461
443	ENSG00000132698	1	156030950	0.295148372484963
444	ENSG00000132819	20	55966462	0.838889042330032
445	ENSG00000132958	13	19997016	0.912541093680542
446	ENSG00000133116	13	33590206	0.0441259895624453
447	ENSG00000133121	13	33677271	0.813827961540055
448	ENSG00000133134	23	102564273	0.0871278059113097
449	ENSG00000133216	1	23037331	0.000215079127383548
450	ENSG00000133313	18	72163050	0.132957019848177
451	ENSG00000133321	11	63304280	0.265329500184926
452	ENSG00000133328	11	63320241	0.724723708939084
453	ENSG00000133454	22	26138110	0.551935143285186
454	ENSG00000133794	11	13298198	0.562858086548991
455	ENSG00000133878	8	33448855	0.38288764376653
456	ENSG00000133895	11	64570981	0.148118311117277
457	ENSG00000133961	14	73741814	0.82588369896568
458	ENSG00000134086	3	10182691	0.773256366055044
459	ENSG00000134250	1	120454175	0.0744952015581642
460	ENSG00000134371	1	193091146	0.0569633039583847
461	ENSG00000134508	18	20714527	0.105865120318944
462	ENSG00000134531	12	13349649	0.182240783990307
463	ENSG00000134574	11	47236492	0.00181168832049448
464	ENSG00000134762	18	28569973	0.289801613510129
465	ENSG00000134917	11	130274819	0.06508598789506
466	ENSG00000134982	5	112043194	0.460871355315669
467	ENSG00000135046	9	75766672	0.839051751106927
468	ENSG00000135164	7	86781676	0.847681054444803
469	ENSG00000135249	7	105172531	0.165542259153569
470	ENSG00000135269	7	115850546	0.186676269166146
471	ENSG00000135373	11	34642639	0.876133690048061
472	ENSG00000135423	12	56864735	0.0574120386507574
473	ENSG00000135424	12	56078351	0.955201089641949
474	ENSG00000135482	12	56511942	0.00745111823907206
475	ENSG00000135766	1	231499496	0.242077242307647
476	ENSG00000135956	2	96914253	0.50842700064127
477	ENSG00000136040	12	94542498	0.467779046378843
478	ENSG00000136099	13	53418108	0.120441562500898
479	ENSG00000136114	13	52951304	0.683441128603509
480	ENSG00000136158	13	80910110	0.452682446767431
481	ENSG00000136160	13	78469615	0.0354615319547922
482	ENSG00000136327	14	37049783	0.013273317793778
483	ENSG00000136560	2	161993418	0.445481974394368
484	ENSG00000136574	8	11534467	0.0231598341806246
485	ENSG00000136603	3	170075465	0.000427646709917377
486	ENSG00000136717	2	127805602	0.772402595608494
487	ENSG00000136826	9	110247132	0.160245796338337
488	ENSG00000136848	9	124329335	0.0105998678666136
489	ENSG00000136999	8	120428545	0.164278114988552
490	ENSG00000137142	9	38408990	0.515278971053273
491	ENSG00000137203	6	10393418	0.0242200136314494
492	ENSG00000137218	6	41737913	0.586975843503832
493	ENSG00000137265	6	391738	0.0763481892965841
494	ENSG00000137331	6	30710975	0.0305722800372222
495	ENSG00000137337	6	30667583	0.628438661904579
496	ENSG00000137693	11	101981191	0.334448002591263
497	ENSG00000137707	11	111338250	0.548123027071455
498	ENSG00000137709	11	120107348	0.984836299342186
499	ENSG00000137713	11	111597631	0.257568050844086
500	ENSG00000137757	11	104864961	0.039373156693713
501	ENSG00000137801	15	39873279	0.00143070838722371
502	ENSG00000137962	1	94615402	0.000358615617373931
503	ENSG00000138166	10	112257595	4.23704521662493e-05
504	ENSG00000138193	10	95753745	0.076273282844224
505	ENSG00000138279	10	75134858	0.208369525574119
506	ENSG00000138376	2	215590369	0.412971738198765
507	ENSG00000138413	2	209100950	0.14141949120074
508	ENSG00000138443	2	204192941	0.941672848235379
509	ENSG00000138448	2	187454791	0.0105774251699593
510	ENSG00000138650	4	134070469	0.889802171270093
511	ENSG00000138738	4	121613069	0.416600367201166
512	ENSG00000139083	12	11802787	0.381337341490288
513	ENSG00000139174	12	42852139	0.467896882836983
514	ENSG00000139263	12	59265930	0.906124149902066
515	ENSG00000139278	12	75874459	0.228253201097157
516	ENSG00000139318	12	89741008	0.405842927823423
517	ENSG00000139352	12	103351463	0.871753568365262
518	ENSG00000139405	12	113623330	0.488007988114476
519	ENSG00000139437	12	110338078	0.271030345242525
520	ENSG00000139515	13	28494156	0.000208916849053247
521	ENSG00000139618	13	32889610	0.104664968719548
522	ENSG00000139687	13	48877886	0.140010806691851
523	ENSG00000140009	14	64550949	0.419279912153303
524	ENSG00000140044	14	75894418	0.938454533344129
525	ENSG00000140350	15	69070873	0.0851239004448623
526	ENSG00000140464	15	74287013	0.240384269120412
527	ENSG00000140538	15	88418229	0.370801140050012
528	ENSG00000140691	16	31469400	0.282862200731286
529	ENSG00000140836	16	72816783	0.877239838244598
530	ENSG00000140873	16	77316024	0.339906431134387
531	ENSG00000140931	16	66637776	0.043825458488397
532	ENSG00000140937	16	64977655	0.00600286664119351
533	ENSG00000140945	16	82660407	0.51378993512448
534	ENSG00000140961	16	83981886	0.113433544599857
535	ENSG00000140968	16	85932408	0.0209600172775348
536	ENSG00000141252	17	411907	0.394173084166221
537	ENSG00000141510	17	7565096	0.0686341529426585
538	ENSG00000141646	18	48494409	0.0397003100741579
539	ENSG00000141753	17	38599701	0.11540054223944
540	ENSG00000142082	11	215457	0.0117709153610576
541	ENSG00000142178	21	44834394	0.461031905679944
542	ENSG00000142186	11	65292547	0.0939527848530785
543	ENSG00000142627	1	16450831	0.290304528486382
544	ENSG00000142676	1	24018268	0.883247683410736
545	ENSG00000142867	1	85731930	0.602038812931881
546	ENSG00000143207	1	175913966	0.330387099466878
547	ENSG00000143416	1	151336777	0.0736852680084113
548	ENSG00000143514	1	223967600	0.113465933356551
549	ENSG00000143570	1	153931574	0.0001664134614913
550	ENSG00000143761	1	228270360	0.0986491226633989
551	ENSG00000143768	1	226124297	0.962108349068378
552	ENSG00000143799	1	226548391	0.0548573526287719
553	ENSG00000143878	2	20646834	0.299028918142134
554	ENSG00000144339	2	192813768	0.195414631135078
555	ENSG00000144381	2	198351304	0.000161548147797705
556	ENSG00000144597	3	15468861	0.161282372378481
557	ENSG00000144642	3	29322472	0.970090664916708
558	ENSG00000144655	3	39183345	0.342807863716871
559	ENSG00000144677	3	37903450	0.167900558827143
560	ENSG00000144730	3	57124009	0.0444910230436278
561	ENSG00000144736	3	72798429	0.24746656759244
562	ENSG00000144746	3	69134094	0.11848209434075
563	ENSG00000144749	3	66429220	0.212102749715946
564	ENSG00000144791	3	45596885	0.0573439116717497
565	ENSG00000144843	3	119298114	0.724265647725554
566	ENSG00000144852	3	119499330	0.87917847535206
567	ENSG00000144891	3	148415570	0.606464018365419
568	ENSG00000145088	3	121554029	0.0106338892123623
569	ENSG00000145147	4	20254882	0.336942762862507
570	ENSG00000145423	4	154701743	0.000378341776291767
571	ENSG00000145604	5	36152090	0.0449161935607473
572	ENSG00000145632	5	57749808	0.00426187093029629
573	ENSG00000145687	5	80708839	0.16009221213029
574	ENSG00000145703	5	75699073	0.0219423389043421
575	ENSG00000145777	5	110405759	0.794679608736406
576	ENSG00000145824	5	134906372	0.0604993840608416
577	ENSG00000145879	5	147691981	0.106626712578276
578	ENSG00000146038	6	24171983	0.572830767298015
579	ENSG00000146070	6	46671937	0.609398680474303
580	ENSG00000146094	5	176928907	0.860343429892125
581	ENSG00000146414	6	146205942	0.755717944885693
582	ENSG00000146674	7	45951948	0.00016792126870815
583	ENSG00000146904	7	143087381	0.156911108255503
584	ENSG00000147050	23	44732756	0.368583566922898
585	ENSG00000147257	23	132669772	0.330622066343109
586	ENSG00000147274	23	135930162	0.935782168493054
587	ENSG00000147316	8	6264112	0.00640245573660904
588	ENSG00000147364	8	356807	0.00197503134655646
589	ENSG00000147394	23	152082985	0.239462350803315
590	ENSG00000147403	23	153618314	0.825157399877797
591	ENSG00000147443	8	21766383	0.0926462033039749
592	ENSG00000147804	8	145635125	0.00714113962085213
593	ENSG00000147854	9	6413150	0.410503321839872
594	ENSG00000147883	9	22002901	0.409142757574628
595	ENSG00000147889	9	21967750	0.0812525423144931
596	ENSG00000148180	9	123970071	0.195831520734342
597	ENSG00000148337	9	130928343	0.682843933365889
598	ENSG00000148400	9	139388895	0.512080797641822
599	ENSG00000148481	10	15820168	0.164551991048886
600	ENSG00000148737	10	114710008	0.537374428312398
601	ENSG00000149177	11	48002112	0.158392384714304
602	ENSG00000149311	11	108093210	0.327984499137098
603	ENSG00000149547	11	125439111	0.517783467354415
604	ENSG00000149554	11	125495035	0.0863613120198359
605	ENSG00000149591	11	117070036	0.126248655676812
606	ENSG00000149782	11	64018994	0.0194380129906952
607	ENSG00000150093	10	33218751	0.000726723011084788
608	ENSG00000150457	13	21547170	0.0468942767612423
609	ENSG00000150527	14	39736327	0.245335735985782
610	ENSG00000150593	10	112631564	0.00324394970067404
611	ENSG00000150907	13	41129803	0.0295753461243174
612	ENSG00000151090	3	24158650	0.772537492807536
613	ENSG00000151348	11	44117098	1.27274615080624e-05
614	ENSG00000151692	2	7057522	0.0586797703960075
615	ENSG00000152213	13	50202434	0.0866419812876179
616	ENSG00000152484	13	27640292	0.439100978770082
617	ENSG00000152518	2	43449540	0.565383103459067
618	ENSG00000152583	4	88394486	0.738111401215032
619	ENSG00000152661	6	121756837	0.121762006599073
620	ENSG00000152894	6	128289923	0.884078745598821
621	ENSG00000152977	3	147111208	0.0191329059414701
622	ENSG00000153071	5	39393359	0.380362787298597
623	ENSG00000153094	2	111876954	0.168560953351578
624	ENSG00000153179	12	65004292	0.335069068866803
625	ENSG00000153246	2	160794361	0.60231543931989
626	ENSG00000153487	13	111365082	0.282996234710815
627	ENSG00000153707	9	8314245	0.531405521174053
628	ENSG00000153922	5	98190907	0.612901515783772
629	ENSG00000154096	11	119288089	0.000180326036798128
630	ENSG00000154144	11	124492731	0.584551684520686
631	ENSG00000154277	4	41258429	0.00795321535291173
632	ENSG00000154640	21	18965970	0.670697576345421
633	ENSG00000154655	18	5954704	0.348679645208096
634	ENSG00000154764	3	13857754	0.157778253871979
635	ENSG00000154803	17	17115525	0.908370980332097
636	ENSG00000155090	8	103661006	0.0128372535215462
637	ENSG00000155254	10	99472929	0.000147544366569715
638	ENSG00000155666	16	27214806	0.00834729366528822
639	ENSG00000156076	12	65444405	0.895351381986988
640	ENSG00000156508	6	74225472	0.72089999676466
641	ENSG00000156531	23	133507282	0.0518718287413862
642	ENSG00000156687	8	35093282	0.295815590055671
643	ENSG00000156804	8	124510128	0.0211320709411681
644	ENSG00000157450	15	59157373	0.653854904207549
645	ENSG00000157557	21	40177230	0.111863967368406
646	ENSG00000157613	11	46299211	0.00473140062928545
647	ENSG00000158008	1	26346374	0.00258892887034499
648	ENSG00000159023	1	29213602	0.613279443473584
649	ENSG00000159184	17	46802124	3.76059636561247e-05
650	ENSG00000159216	21	36259342	0.937314337122539
651	ENSG00000159388	1	203274618	0.0465498933565267
652	ENSG00000159840	7	143078172	0.0810347981433877
653	ENSG00000160049	1	10516578	0.856137105361907
654	ENSG00000160199	21	44394619	0.79161728640834
655	ENSG00000160469	19	55793439	0.243057347284209
656	ENSG00000160633	19	5623045	0.133052196605862
657	ENSG00000160862	7	99564342	0.900649039369031
658	ENSG00000161040	7	102453307	0.415024762530829
659	ENSG00000161055	5	180017102	0.0113155058426033
660	ENSG00000161298	19	37095718	0.0177706249745805
661	ENSG00000161405	17	37921197	0.00314503664169631
662	ENSG00000161544	17	74523437	0.955126400449889
663	ENSG00000161638	12	54789044	5.76783372859845e-08
664	ENSG00000161905	17	4534196	0.257475061649335
665	ENSG00000161940	17	6926338	0.928241951014652
666	ENSG00000162409	1	57110994	0.786527671220467
667	ENSG00000162545	1	20808883	0.127391772150267
668	ENSG00000162551	1	21835857	0.818950276234055
669	ENSG00000162595	1	68511644	0.934554045425996
670	ENSG00000162694	1	101337942	0.759231531601026
671	ENSG00000162706	1	159141398	0.991843547708723
672	ENSG00000162733	1	162601162	0.308212248460058
673	ENSG00000162734	1	160175126	0.0550571465054411
674	ENSG00000162772	1	212738675	0.362962750678932
675	ENSG00000162777	1	111729795	0.00904537968317057
676	ENSG00000162892	1	207070787	0.00662340026532448
677	ENSG00000163032	2	17720392	0.788062003788328
678	ENSG00000163154	1	151129104	0.0200541805117543
679	ENSG00000163191	1	152004981	0.151567948262805
680	ENSG00000163347	3	190023489	0.217083704551106
681	ENSG00000163453	4	57896938	0.462875210583892
682	ENSG00000163513	3	30647993	0.713189952261384
683	ENSG00000163564	1	158900585	0.0314121273562203
684	ENSG00000163565	1	158979681	0.346961528058886
685	ENSG00000163568	1	159032273	0.369015952554619
686	ENSG00000163590	3	160473389	0.345664525361784
687	ENSG00000163629	4	87515467	0.637989393584324
688	ENSG00000163638	3	64501488	0.0232511842215255
689	ENSG00000163737	4	74846793	0.171745087672912
690	ENSG00000163743	4	76404246	0.00553245717458891
691	ENSG00000163814	3	45123769	0.0616040882413827
692	ENSG00000163930	3	52435028	0.0535069805813377
693	ENSG00000163932	3	53195135	0.909941715781219
694	ENSG00000163939	3	52579367	0.18898406201676
695	ENSG00000164022	4	107236700	0.834959645958846
696	ENSG00000164040	4	129190396	0.192238615011684
697	ENSG00000164078	3	49924434	0.689783911409801
698	ENSG00000164120	4	175411327	0.232959089322818
699	ENSG00000164197	5	63461708	0.207444572453367
700	ENSG00000164400	5	131409482	0.364211787496293
701	ENSG00000164442	6	139693392	0.944382729094765
702	ENSG00000164494	6	107473760	0.14956546754601
703	ENSG00000164741	8	12940869	0.401001672812152
704	ENSG00000164825	8	6728096	0.646642513431129
705	ENSG00000164938	8	95938199	0.0108695387450898
706	ENSG00000165025	9	93564068	0.00679971419652639
707	ENSG00000165060	9	71650478	0.614660000445559
708	ENSG00000165140	9	97365414	0.0118989733323919
709	ENSG00000165238	9	95947211	0.246453606893552
710	ENSG00000165325	11	93063136	0.935817847727233
711	ENSG00000165474	13	20761608	0.0143305895547775
712	ENSG00000165478	11	124789088	0.76463926077921
713	ENSG00000165556	13	28536273	0.00082267796648064
714	ENSG00000165617	14	59100785	2.71313866337449e-05
715	ENSG00000165699	9	135766734	0.0731890261181675
716	ENSG00000165795	14	21485379	0.000118997543898088
717	ENSG00000165821	14	21989231	0.421473064879911
718	ENSG00000166033	10	124221040	0.006953190977787
719	ENSG00000166091	14	23846016	0.793654116052721
720	ENSG00000166164	16	50347397	0.554117012660206
721	ENSG00000166200	15	49398267	0.0872283358422327
722	ENSG00000166266	11	107879458	0.403756035142564
723	ENSG00000166333	11	6624960	0.609458271280793
724	ENSG00000166347	18	71920530	0.00972143016259871
725	ENSG00000166394	11	7686330	0.94966008621522
726	ENSG00000166444	11	8714897	0.536239334808508
727	ENSG00000166454	16	81069451	0.300617023913433
728	ENSG00000166501	16	23847321	0.00233415490245443
729	ENSG00000166573	18	74962504	0.333494451575233
730	ENSG00000166598	12	104324111	0.000792059157373895
731	ENSG00000166619	20	36120873	0.755753460474389
732	ENSG00000166813	15	90171207	0.063298849118744
733	ENSG00000166851	16	23688976	9.47570657780957e-05
734	ENSG00000166866	12	57422300	0.572770856785978
735	ENSG00000166923	15	33010174	6.01130350345851e-05
736	ENSG00000166946	15	43477315	0.157923866406684
737	ENSG00000167034	8	23536205	0.177368083668735
738	ENSG00000167085	17	47481413	0.188484909585455
739	ENSG00000167394	16	31072163	0.126662853794768
740	ENSG00000167642	19	38734674	0.732455563282902
741	ENSG00000167657	19	3958450	0.968025248968074
742	ENSG00000167755	19	51461886	0.0166921097946903
743	ENSG00000167772	19	8428172	0.00636569345152053
744	ENSG00000168040	11	70049268	0.0634496792890772
745	ENSG00000168062	11	64755414	0.930957162835424
746	ENSG00000168229	14	52734430	0.213342317415825
747	ENSG00000168389	1	40420801	0.902808245141793
748	ENSG00000168395	2	242641449	0.516027505534157
749	ENSG00000168556	4	184426146	0.797160203109311
750	ENSG00000168610	17	40465341	0.684959066338027
751	ENSG00000168646	17	63524680	0.0864770294939247
752	ENSG00000168702	2	140988991	0.501499398708888
753	ENSG00000168710	1	110527307	0.246134148637241
754	ENSG00000168769	4	106067449	0.00681781320108528
755	ENSG00000168772	4	105389468	0.221759501921871
756	ENSG00000168906	2	85766287	0.946756021037023
757	ENSG00000169071	9	94325372	0.0246872386357209
758	ENSG00000169129	10	116054582	0.95258326130579
759	ENSG00000169245	4	76942272	0.853683444719592
760	ENSG00000169567	5	130494719	0.700422531655159
761	ENSG00000169855	3	78646390	0.469856497194676
762	ENSG00000169856	15	53049636	0.106047991369243
763	ENSG00000170296	17	7143332	0.449403268446238
764	ENSG00000170367	20	23856571	0.855078094684985
765	ENSG00000170476	5	138723168	0.104193095022392
766	ENSG00000170485	2	101436613	0.0357393045248381
767	ENSG00000170498	1	204159468	0.179721869750455
768	ENSG00000170549	5	3596167	0.536745562524082
769	ENSG00000170632	7	102715327	0.259276461730372
770	ENSG00000170801	4	8271491	0.000450047279587969
771	ENSG00000170873	8	125563030	0.293101221936598
772	ENSG00000170955	11	6340175	0.291322625332696
773	ENSG00000171056	8	10582908	0.821755868919214
774	ENSG00000171132	2	45878912	0.686713484273645
775	ENSG00000171345	17	39679868	0.514992663193024
776	ENSG00000171444	5	112357795	0.903501442265763
777	ENSG00000171456	20	30946154	0.506114615040915
778	ENSG00000171476	4	57514154	0.91195647091563
779	ENSG00000171604	5	139026883	0.357900701178999
780	ENSG00000171720	5	141000442	0.425489864780302
781	ENSG00000171735	1	6845383	0.192955211534053
782	ENSG00000171862	10	89622869	0.118772353587742
783	ENSG00000172005	2	95691421	0.0279582160263105
784	ENSG00000172201	6	19837616	0.00456253227020098
785	ENSG00000172403	4	119809995	0.286113629831047
786	ENSG00000172530	16	87985037	0.644994893758752
787	ENSG00000172531	11	67165653	0.243330332715662
788	ENSG00000172732	11	65624596	0.709426449062093
789	ENSG00000172977	11	65479466	0.226992853297959
790	ENSG00000173432	11	18287720	0.421716628579319
791	ENSG00000173473	3	47626761	0.786758148231906
792	ENSG00000173531	3	49721379	0.188723939114876
793	ENSG00000173542	4	71768042	0.366283347872507
794	ENSG00000173641	1	16340522	0.0246840668173234
795	ENSG00000173801	17	39775691	0.86119302203907
796	ENSG00000173889	3	169805371	0.9595503861416
797	ENSG00000173933	11	66384096	0.942766239421108
798	ENSG00000174282	17	7362684	0.0389858667787863
799	ENSG00000174292	17	7283852	0.0348008021245748
800	ENSG00000174307	1	201434619	0.855202195180337
801	ENSG00000174744	11	66104803	0.765417358179693
802	ENSG00000175054	3	142168078	0.292909070130357
803	ENSG00000175161	3	85008131	0.0015489272663932
804	ENSG00000175315	11	65779311	0.14272119151056
805	ENSG00000175354	18	12785476	0.502923707417068
806	ENSG00000175356	11	9041070	0.295699515660217
807	ENSG00000175387	18	45357921	0.849511851090194
808	ENSG00000175390	11	7991797	0.796325005034088
809	ENSG00000175662	17	17746827	0.0542105858718232
810	ENSG00000175793	1	27189632	0.283020915255317
811	ENSG00000176046	16	28548605	0.395200535032366
812	ENSG00000176124	13	50656306	0.357552759396367
813	ENSG00000176485	11	63340666	0.792839355646605
814	ENSG00000176490	19	2714564	0.328977381797048
815	ENSG00000176788	5	17065706	0.00161687341957536
816	ENSG00000176887	2	5832798	1.24905882631176e-05
817	ENSG00000177374	17	1957447	0.171483817392735
818	ENSG00000177409	7	92759367	0.701096976207878
819	ENSG00000177425	12	79968758	0.186775603277398
820	ENSG00000177463	3	14989090	0.328536110211511
821	ENSG00000177519	2	154333851	0.229061866160995
822	ENSG00000178175	5	71738478	0.280923951715457
823	ENSG00000178343	4	42399855	0.931454756479376
824	ENSG00000178568	2	212240445	0.978177951170198
825	ENSG00000178585	1	9908333	0.342994934195911
826	ENSG00000178691	17	30264036	0.415324429551351
827	ENSG00000178726	20	23026269	0.600730827453908
828	ENSG00000178764	8	123793632	0.262685878831451
829	ENSG00000178773	16	89642175	0.619892108587637
830	ENSG00000179242	20	59827481	0.756250170669051
831	ENSG00000179271	19	13064971	0.733448114734562
832	ENSG00000179295	12	112856154	0.0629233815515168
833	ENSG00000179399	13	92050928	0.0361804679812345
834	ENSG00000179456	1	244214584	0.000248098283253946
835	ENSG00000179593	17	7942334	0.767912418953824
836	ENSG00000179776	16	66400532	0.897207428658917
837	ENSG00000179796	3	26664296	0.19304743247901
838	ENSG00000180447	9	89559278	0.0434089134728648
839	ENSG00000180871	2	218990011	0.583459924187286
840	ENSG00000180900	8	144873089	0.0331960091252677
841	ENSG00000180953	15	80191181	0.453808384159237
842	ENSG00000181007	19	36874021	0.150325798671369
843	ENSG00000181163	5	170814119	0.00444568830063917
844	ENSG00000181555	3	47058178	0.0198800070019021
845	ENSG00000181649	11	2949502	4.85230730562208e-06
846	ENSG00000182168	4	96083654	0.808190726958722
847	ENSG00000182197	8	118806728	0.000619919368870902
848	ENSG00000182253	15	99638419	0.395435947162252
849	ENSG00000182580	3	184279571	0.224085779980958
850	ENSG00000182636	15	23930564	0.74836892182573
851	ENSG00000182782	12	123185839	0.51918542293404
852	ENSG00000182916	23	102585123	0.463183139841546
853	ENSG00000182985	11	115039955	0.235493222642851
854	ENSG00000183117	8	2792874	0.161243930015113
855	ENSG00000183454	16	9852375	0.449797129390292
856	ENSG00000183479	23	152710177	0.842391060354298
857	ENSG00000183715	11	132284874	0.542902371563316
858	ENSG00000183765	22	29083730	0.863334625461919
859	ENSG00000183770	3	138663065	0.00912472907298839
860	ENSG00000183814	1	226418849	0.0370025078512404
861	ENSG00000184047	12	122692209	0.00501540052617055
862	ENSG00000184226	13	66876966	0.031832197815329
863	ENSG00000184281	11	2421717	0.930923903929152
864	ENSG00000184481	23	70316046	0.00415774687728883
865	ENSG00000184557	17	76352863	0.0264675340413029
866	ENSG00000184675	23	63404996	0.971422532542903
867	ENSG00000184828	18	45553043	0.15963635904638
868	ENSG00000184937	11	32409320	0.000140497249530547
869	ENSG00000185024	14	105675622	0.390886101011875
870	ENSG00000185338	16	11348261	0.122565223739674
871	ENSG00000185345	6	161768451	0.0917307181368273
872	ENSG00000185559	14	101192041	0.0450507797345983
873	ENSG00000185565	3	115529163	0.474634807457807
874	ENSG00000185811	7	50344377	2.72496785171973e-05
875	ENSG00000185920	9	98205261	0.0151798533461066
876	ENSG00000185988	19	1524072	0.804677531703683
877	ENSG00000186153	16	78133309	0.134284904963631
878	ENSG00000186532	17	1682778	0.388667627627644
879	ENSG00000186575	22	29999544	0.0788402346258398
880	ENSG00000186654	22	45064592	0.527851209833851
881	ENSG00000186716	22	23521890	0.00266606991464399
882	ENSG00000186891	1	1138887	0.478546819699531
883	ENSG00000186951	22	46546423	0.00139918950062471
884	ENSG00000187045	22	37461475	0.837399006780805
885	ENSG00000187054	4	68775102	0.636858514808184
886	ENSG00000187091	3	38048986	0.000466046262138442
887	ENSG00000187140	1	63788729	0.020683002363587
888	ENSG00000187323	18	49866541	0.0321046274711052
889	ENSG00000187608	1	948802	0.217495495628673
890	ENSG00000187678	5	141689991	0.0237822597280701
891	ENSG00000187908	10	124320180	0.348922877823208
892	ENSG00000188215	16	20866246	0.752914774587966
893	ENSG00000188257	1	20301924	0.151400072691109
894	ENSG00000188486	11	118964563	0.240776448143709
895	ENSG00000188827	16	3631181	0.857616575643104
896	ENSG00000188994	6	87865266	0.536541334875541
897	ENSG00000189067	16	11641852	0.679788928707775
898	ENSG00000189079	12	46123447	0.133839388442587
899	ENSG00000189283	3	59735035	0.0778509837111074
900	ENSG00000189431	11	13030695	0.124784993562653
901	ENSG00000196090	20	40701391	0.212024176042143
902	ENSG00000196092	9	36833271	0.421690335320167
903	ENSG00000196159	4	126237553	0.642887119261262
904	ENSG00000196220	3	9022274	0.00181373994096603
905	ENSG00000196396	20	49126890	0.0151424235751781
906	ENSG00000196411	7	100400186	0.683364217630211
907	ENSG00000196470	16	48390274	0.89012501215156
908	ENSG00000196549	3	154741912	0.126039226578588
909	ENSG00000196581	1	4714791	0.224758122138787
910	ENSG00000196628	18	52889561	0.345266496280761
911	ENSG00000196712	17	29421944	0.990991724567531
912	ENSG00000196730	9	90112142	0.471608177103104
913	ENSG00000196754	1	153533583	0.0229411514984466
914	ENSG00000196914	11	120207786	0.281210879944535
915	ENSG00000197081	6	160390130	0.206879752237408
916	ENSG00000197181	8	22132809	0.762563504665198
917	ENSG00000197299	15	91260557	0.0239779655011477
918	ENSG00000197381	21	46493767	0.148049921330092
919	ENSG00000197579	9	32540541	0.00196051797987589
920	ENSG00000197599	16	1484383	0.439942420090326
921	ENSG00000197635	2	162848750	0.416397589535767
922	ENSG00000198300	19	57321444	0.22994191882955
923	ENSG00000198382	11	75526211	0.792523982859072
924	ENSG00000198417	16	56691605	0.212252828018059
925	ENSG00000198553	13	50589389	0.0315520643027163
926	ENSG00000198561	11	57520714	0.527704729381987
927	ENSG00000198650	16	71599562	0.687886458545242
928	ENSG00000198680	9	25676395	0.408721151282237
929	ENSG00000198924	10	115594487	0.865347072579916
930	ENSG00000198947	23	31137337	0.836356843590892
931	ENSG00000198964	10	52065359	0.182542295700525
932	ENSG00000204138	1	28696113	0.201661764656573
933	ENSG00000204217	2	203241658	0.799606296722586
934	ENSG00000204370	11	111957496	0.245653086400963
935	ENSG00000204472	6	31582960	0.174551507242875
936	ENSG00000204610	6	30130992	0.288060979677707
937	ENSG00000204616	6	30070673	0.756811807075239
938	ENSG00000204859	1	6640060	0.0868755243313017
939	ENSG00000204977	13	50570948	0.00265847558855832
940	ENSG00000205076	19	39261610	0.134285775060317
941	ENSG00000205364	16	56666144	0.433343657687389
942	ENSG00000206075	18	61143993	0.00494233157114944
943	ENSG00000211445	5	150400123	0.966944004506084
944	ENSG00000213341	10	101948054	0.420216049165298
945	ENSG00000213853	16	10622278	0.817016603402138
946	ENSG00000214548	14	101292444	0.0774502654625439
947	ENSG00000215218	5	6448735	0.463746748454666
948	ENSG00000215301	23	41192650	0.165099536265993
949	ENSG00000221829	9	35073831	0.51693837091768
950	ENSG00000221869	8	48649470	0.609624014550231
951	ENSG00000225921	6	13615820	0.152702374680654
952	ENSG00000231607	13	50601268	0.0644229913182625
953	ENSG00000233608	2	239756672	0.162603440433573
954	ENSG00000234741	1	173833037	0.168100446152524
955	ENSG00000239306	11	66384052	0.902063686941156
956	ENSG00000239672	17	49230896	0.0876632527841085
957	ENSG00000239697	17	7452207	0.227642182696145
958	ENSG00000240184	5	140855579	0.0534164954787368
959	ENSG00000241186	3	46653924	0.070796146086998
960	ENSG00000241697	9	103204559	0.00183036442897304
961	ENSG00000243709	1	226073981	0.301436103138543
962	ENSG00000243725	1	55181494	0.294033298736886
963	ENSG00000243989	3	52009065	0.280630563712119
964	ENSG00000245848	19	33790839	0.0183273561303853
965	ENSG00000253958	8	8559447	0.104213774278053
966	ENSG00000256870	12	101549270	0.0857779459219055
967	ENSG00000257923	7	101458958	0.532849171081198
968	ENSG00000259207	17	45331211	0.00320313334862224
969	ENSG00000261857	19	41277552	0.612090658934389
973	ENSG00000266173	17	61780191	0.746927492191861
