	SNP	Chromosome	Position	trait1
1	ENSG00000001617	3	50192477	0.519195398975311
2	ENSG00000001626	7	117120016	0.843034194453741
3	ENSG00000001631	7	91828282	0.838185388777019
4	ENSG00000002822	7	1855429	0.0627481613545563
5	ENSG00000003756	3	50126340	0.000783389545287375
6	ENSG00000004534	3	49977439	0.031780226388672
7	ENSG00000004838	3	50378540	0.00214675967145745
8	ENSG00000004866	7	116593291	0.106787568690693
9	ENSG00000005339	16	3775054	0.0201016764224682
10	ENSG00000006327	16	3068445	7.60077482576192e-08
11	ENSG00000007168	17	2496503	0.74495193461753
12	ENSG00000007372	11	31806339	0.729086566237875
13	ENSG00000007968	1	23832921	0.0107870028879993
14	ENSG00000008226	3	38080695	2.70300309797785e-07
15	ENSG00000008710	16	2138710	0.503953618432188
16	ENSG00000008853	8	22844929	0.548788009439372
17	ENSG00000010017	6	13621729	0.769568964387461
18	ENSG00000010610	12	6896023	0.000248924613916676
19	ENSG00000010671	23	100604434	0.00619674115392634
20	ENSG00000011465	12	91539024	0.220816615376635
21	ENSG00000012048	17	41196311	0.000250887921290677
22	ENSG00000012171	3	50304989	0.979987683828725
23	ENSG00000012223	3	46477135	0.00180962682993282
24	ENSG00000012232	8	28480245	0.451430426118153
25	ENSG00000013016	2	31456879	0.652849940803256
26	ENSG00000013588	12	13043715	1.30534094804393e-07
27	ENSG00000014123	6	96969683	0.906964152650343
28	ENSG00000015171	10	180404	0.000232097477132469
29	ENSG00000017427	12	102789644	0.343758437306238
30	ENSG00000019485	11	45115563	0.113205958090049
31	ENSG00000019505	11	45261851	0.0144014936932322
32	ENSG00000020633	1	25226001	0.309246280088332
33	ENSG00000022267	23	135229558	0.350983796764472
34	ENSG00000023191	11	494511	0.945294940742359
35	ENSG00000023287	8	53535015	0.0089621150945055
36	ENSG00000023902	1	150121372	0.319598560431362
37	ENSG00000026025	10	17270257	0.0984262897634757
38	ENSG00000026103	10	90750413	0.159054159001764
39	ENSG00000026508	11	35160416	0.0127965149715849
40	ENSG00000028203	12	95611521	0.000209241077590742
41	ENSG00000030419	2	213864428	0.00204677547585784
42	ENSG00000032742	13	21140584	0.00478879816942088
43	ENSG00000033800	15	68346516	0.221593226606243
44	ENSG00000035664	15	64199234	0.0177633582622515
45	ENSG00000039068	16	68771127	0.00595092351009661
46	ENSG00000040199	16	71671737	0.0675890183203084
47	ENSG00000042493	2	85621870	0.12633152271932
48	ENSG00000043514	1	40306722	0.184355211127106
49	ENSG00000044524	3	89156673	0.102994522444003
50	ENSG00000049759	18	55711598	0.0772877343431694
51	ENSG00000049768	23	49106896	0.0443373217610516
52	ENSG00000050165	11	11984652	0.057639783913065
53	ENSG00000050405	12	50569570	0.487812317822288
54	ENSG00000050748	5	179660142	0.177181689591018
55	ENSG00000054523	1	10270862	0.506608255404439
56	ENSG00000054598	6	1610680	0.152614548762682
57	ENSG00000055130	7	148395005	0.0992382909051805
58	ENSG00000055609	7	151832009	0.022117796654968
59	ENSG00000057657	6	106534194	0.262143335352898
60	ENSG00000060339	10	70480970	0.272641974664851
61	ENSG00000061337	8	20103675	9.26281482903447e-05
62	ENSG00000063169	19	48111452	0.846238084575129
63	ENSG00000063438	5	304290	0.00975577829830547
64	ENSG00000064012	2	202098165	0.913777478986622
65	ENSG00000064201	11	2323226	0.000354192711674889
66	ENSG00000064300	17	47572654	0.856057317686898
67	ENSG00000064393	7	139246315	0.140116073277484
68	ENSG00000065559	17	11924140	0.148375413329406
69	ENSG00000066336	11	47376410	0.27433510822913
70	ENSG00000067066	2	231280656	0.853874632380835
71	ENSG00000067082	10	3818187	0.512325351741894
72	ENSG00000067369	15	43699406	0.317665720997994
73	ENSG00000067560	3	49396577	0.366091934974252
74	ENSG00000068028	3	50367218	0.955195911317596
75	ENSG00000068903	19	39369196	0.0340864799684874
76	ENSG00000069702	1	92145901	0.000360304070775668
77	ENSG00000069869	15	56119119	0.0409691288897128
78	ENSG00000070019	12	14765575	0.780856625532431
79	ENSG00000070444	17	2287353	0.608805960718672
80	ENSG00000071242	6	166822851	0.0701533098018962
81	ENSG00000071243	7	120590802	7.97607734137289e-05
82	ENSG00000071564	19	1609290	0.515610470491142
83	ENSG00000071794	3	148747913	0.000709948721913318
84	ENSG00000072133	23	83318983	0.904522562335498
85	ENSG00000072609	12	133416936	0.597380344193666
86	ENSG00000072786	5	171469076	0.710120325684942
87	ENSG00000072952	11	10594637	0.247312240860219
88	ENSG00000073150	22	50609159	2.37735018833709e-06
89	ENSG00000073282	3	189349204	0.162101929980562
90	ENSG00000073578	5	218355	0.766797434549863
91	ENSG00000073614	12	389294	0.491851709046553
92	ENSG00000074181	19	15270443	0.000780257256442741
93	ENSG00000074211	4	6324670	1.8635117342142e-05
94	ENSG00000074266	11	85955585	0.527047710268792
95	ENSG00000074319	11	18489882	0.0655245591578423
96	ENSG00000074590	12	106457117	0.000475302466838159
97	ENSG00000075391	1	178062863	0.000173853699754297
98	ENSG00000075651	3	171318194	0.905992932550995
99	ENSG00000075711	3	196769430	0.665566123570482
100	ENSG00000075785	3	128444964	0.00257595366432297
101	ENSG00000076201	3	47422500	0.684795164909168
102	ENSG00000076242	3	37035338	0.887907502402305
103	ENSG00000076864	1	21922707	0.610063023203311
104	ENSG00000077092	3	25215822	0.484867756765797
105	ENSG00000077254	1	78161671	0.0353503927314027
106	ENSG00000077463	19	4174105	0.0526402062073786
107	ENSG00000077942	22	45898117	0.141592762272874
108	ENSG00000078304	14	102228134	0.743219623444072
109	ENSG00000078725	9	121928907	0.585940932672901
110	ENSG00000078900	1	3569083	0.0971361201108681
111	ENSG00000079112	8	95139398	0.000823351652464298
112	ENSG00000079246	2	216972186	0.00184606510183003
113	ENSG00000079257	3	158363610	0.804853573065071
114	ENSG00000079385	19	43011455	1.72248143848345e-05
115	ENSG00000079432	19	42772688	0.924905217124732
116	ENSG00000080503	9	2015341	2.27022574340934e-06
117	ENSG00000080839	20	35624751	0.00187256666278136
118	ENSG00000081237	1	198608145	8.24690539131063e-05
119	ENSG00000081913	18	60382671	0.0025185044889247
120	ENSG00000082175	11	100900354	0.00349843759009629
121	ENSG00000082397	18	5392382	0.679500205672552
122	ENSG00000082701	3	119540169	0.051863769874178
123	ENSG00000083093	16	23614487	0.77695246541999
124	ENSG00000083642	13	33160563	0.248091864287649
125	ENSG00000083799	16	50775960	0.00482968944158178
126	ENSG00000083857	4	187508936	0.0217694028401707
127	ENSG00000084207	11	67351065	0.461099725655737
128	ENSG00000085117	11	44585976	0.410831295865184
129	ENSG00000085185	23	129115082	2.55165621729535e-06
130	ENSG00000085382	6	105175967	0.339193172619378
131	ENSG00000085511	6	161412758	0.0982544525776519
132	ENSG00000085662	7	134127101	0.0058065893190953
133	ENSG00000085741	11	75897368	0.0220171477684459
134	ENSG00000086730	7	73613981	0.149092276505557
135	ENSG00000087085	7	100487614	0.180765560932216
136	ENSG00000087088	19	49458071	0.919408232336284
137	ENSG00000087206	5	176332005	0.243393133478125
138	ENSG00000088038	19	54641443	0.00270915676442046
139	ENSG00000088305	20	31350190	2.3125878524564e-06
140	ENSG00000089163	12	120740118	0.228735294029898
141	ENSG00000089220	12	118573662	1.78302561013322e-05
142	ENSG00000089225	12	114791735	0.000945423696970649
143	ENSG00000089280	16	31191430	0.89324554132964
144	ENSG00000090238	16	30103634	0.034976390808983
145	ENSG00000091129	7	107788081	0.100268582238758
146	ENSG00000091483	1	241660902	0.271554380492249
147	ENSG00000091831	6	151977825	0.00223434495626251
148	ENSG00000094916	12	54624723	0.320633944355111
149	ENSG00000095002	2	47630107	0.00362257051173398
150	ENSG00000095585	10	97951457	9.25571485185108e-09
151	ENSG00000095794	10	35415718	0.129472754125999
152	ENSG00000095951	6	12008994	0.565716566755632
153	ENSG00000096696	6	7541807	0.25133878379906
154	ENSG00000096717	10	69644426	0.0832863342546935
155	ENSG00000097033	1	87170258	0.655743575680392
156	ENSG00000099769	16	1840413	0.000822164285744614
157	ENSG00000099810	9	21802647	0.290688233228342
158	ENSG00000099860	19	2476119	0.0576212368871881
159	ENSG00000099956	22	24129149	0.0776827662742106
160	ENSG00000100003	22	30792845	0.44074567427925
161	ENSG00000100033	22	18900293	0.000767470963067943
162	ENSG00000100084	22	19318220	0.00164838035805565
163	ENSG00000100234	22	33197686	0.40611917502866
164	ENSG00000100276	22	29708921	0.0203366913467409
165	ENSG00000100290	22	43506753	0.672871390688044
166	ENSG00000100345	22	36677326	0.0979026383720406
167	ENSG00000100380	22	41220538	0.954293705864147
168	ENSG00000100614	14	60712469	0.000635088841550593
169	ENSG00000100644	14	62162230	0.0103829529009002
170	ENSG00000100697	14	95552564	0.376278578501138
171	ENSG00000100941	14	39644386	0.398102448362659
172	ENSG00000101076	20	42984339	0.903645518648657
173	ENSG00000101096	20	50003493	0.279170453242775
174	ENSG00000101115	20	50400580	2.30524711147872e-05
175	ENSG00000101191	20	61509089	0.154320880461911
176	ENSG00000101265	20	4760668	0.00150673062803405
177	ENSG00000101412	20	32263488	0.000113052375129439
178	ENSG00000101596	18	2655736	0.800293136830518
179	ENSG00000101773	18	20378223	0.0369150075541959
180	ENSG00000101955	23	38008588	2.92037585110144e-11
181	ENSG00000102054	23	16857405	0.676526631171638
182	ENSG00000102554	13	73629113	0.225924722574402
183	ENSG00000102786	13	51928212	0.552990678558182
184	ENSG00000102804	13	45007654	0.132621380444178
185	ENSG00000102837	13	53602893	0.281051065544316
186	ENSG00000102974	16	67596309	0.678238318814993
187	ENSG00000103034	16	58496749	0.0558165696975597
188	ENSG00000103126	16	337439	0.538505055719747
189	ENSG00000103175	16	84328251	0.0197094538481814
190	ENSG00000103197	16	2097465	0.0949244132342988
191	ENSG00000103264	16	87401257	0.0438434000184235
192	ENSG00000103266	16	730223	0.710405606788754
193	ENSG00000103479	16	53467888	0.0175448383039409
194	ENSG00000103490	16	31212805	0.707505337128615
195	ENSG00000103942	15	83532964	0.791047322798824
196	ENSG00000104081	15	40380090	0.66417144885574
197	ENSG00000104213	8	17433941	3.79933092466723e-05
198	ENSG00000104219	8	17013537	0.19952278761084
199	ENSG00000104228	8	27142403	3.26124164649348e-06
200	ENSG00000104320	8	90945563	0.0393224263765399
201	ENSG00000104332	8	41119480	0.702412582450577
202	ENSG00000104413	8	95653301	0.306894489400708
203	ENSG00000104419	8	134249413	5.28178823774743e-07
204	ENSG00000104689	8	23047964	0.350182407337198
205	ENSG00000104695	8	30657096	0.256336832031025
206	ENSG00000104765	8	26240712	0.449969769704628
207	ENSG00000104814	19	39078280	3.45718973028467e-07
208	ENSG00000104899	19	2249307	0.580979610095663
209	ENSG00000105185	19	33071973	0.00344610444606649
210	ENSG00000105325	19	3506270	0.00277329547898849
211	ENSG00000105327	19	47724080	0.0326780116802929
212	ENSG00000105329	19	41807491	1.56970837189197e-05
213	ENSG00000105373	19	48248778	0.000696122604750875
214	ENSG00000105722	19	42751723	0.341475278495131
215	ENSG00000105767	19	44126519	0.0664808476035597
216	ENSG00000105810	7	92234234	4.00967523315318e-05
217	ENSG00000105825	7	93514708	0.0627312347099418
218	ENSG00000105856	7	106809405	0.00340413181991132
219	ENSG00000105974	7	116164838	5.41257270884884e-06
220	ENSG00000106123	7	142552791	0.00651920466199576
221	ENSG00000106144	7	142985307	0.159288561458994
222	ENSG00000106305	7	6048875	3.8649934729674e-05
223	ENSG00000106459	7	129251554	0.00859595564033981
224	ENSG00000106462	7	148504474	0.0044259105276291
225	ENSG00000106483	7	37949260	0.0268896819024711
226	ENSG00000106536	7	39017597	0.360522750902754
227	ENSG00000106537	7	16793159	0.0441031719242565
228	ENSG00000106546	7	17338245	0.129549472431103
229	ENSG00000106638	7	72983261	0.000154661680449197
230	ENSG00000106852	9	124964855	0.414628023446338
231	ENSG00000107104	9	470290	0.00909960883539452
232	ENSG00000107201	9	32455299	0.175935637829742
233	ENSG00000107551	10	45454854	0.203589175760922
234	ENSG00000107562	10	44793037	0.373758668999759
235	ENSG00000107731	10	72972326	0.00478507494830852
236	ENSG00000107779	10	88516406	0.375326102999531
237	ENSG00000107882	10	104263743	0.138032139012185
238	ENSG00000107937	10	1034337	1.18567186751582e-09
239	ENSG00000107954	10	105253735	0.779708194472706
240	ENSG00000107968	10	30722865	0.117207888945522
241	ENSG00000107984	10	54074055	1.94697379433451e-05
242	ENSG00000108001	10	131633546	0.126086388348094
243	ENSG00000108094	10	35297478	0.000507553439872118
244	ENSG00000108384	17	56769933	0.999430178842238
245	ENSG00000108518	17	4848946	0.0184194654550572
246	ENSG00000108799	17	40852292	1.16066150941953e-06
247	ENSG00000108946	17	66507920	0.860427981199935
248	ENSG00000108963	17	1933403	0.370052705948337
249	ENSG00000109062	17	72744790	0.396732341845818
250	ENSG00000109320	4	103422485	0.00491279570803565
251	ENSG00000109339	4	86936275	0.0270466264826115
252	ENSG00000109452	4	142944312	0.934950370423971
253	ENSG00000109670	4	153242409	0.0225913650068137
254	ENSG00000109854	11	20385230	0.000145605871958324
255	ENSG00000109906	11	113930314	0.997460242713057
256	ENSG00000110002	11	123986068	0.00602340763582127
257	ENSG00000110171	11	6469842	0.46044122560864
258	ENSG00000110395	11	119076751	0.416155033566983
259	ENSG00000110514	11	47290926	0.0136278892436727
260	ENSG00000110711	11	67250511	0.899933321805644
261	ENSG00000110713	11	3696239	0.0349427320072847
262	ENSG00000110851	12	108126642	0.800418628365704
263	ENSG00000111087	12	57853917	0.434083842162521
264	ENSG00000111252	12	111843751	0.934567882447048
265	ENSG00000111276	12	12867991	0.00375203445423055
266	ENSG00000111328	12	123745527	0.196330538348037
267	ENSG00000111344	12	113536623	0.153700435949885
268	ENSG00000111424	12	48235319	0.549707322504617
269	ENSG00000111653	12	6759445	0.000154707781530099
270	ENSG00000111679	12	7055630	2.54377012234914e-06
271	ENSG00000111816	6	116252311	0.189907206438232
272	ENSG00000111877	6	119134604	0.754629113411981
273	ENSG00000111961	6	148593439	0.0702107376774182
274	ENSG00000112096	6	160100150	0.459720326199281
275	ENSG00000112130	6	37321747	0.344097640774356
276	ENSG00000112237	6	99990255	0.525675986865825
277	ENSG00000112242	6	20402397	0.00024942553807697
278	ENSG00000112319	6	133561735	6.90125714093604e-06
279	ENSG00000112406	6	139456248	0.0891766828191542
280	ENSG00000112530	6	163148163	0.000180481851418648
281	ENSG00000112679	6	291629	0.521495604593865
282	ENSG00000112715	6	43737920	1.39521358072647e-05
283	ENSG00000112761	6	112375274	0.600247977832882
284	ENSG00000113083	5	121398889	1.75988436227537e-12
285	ENSG00000113140	5	151040656	7.01629573445361e-06
286	ENSG00000113391	5	92953774	0.274797942706266
287	ENSG00000113575	5	133530024	0.0120968323182042
288	ENSG00000113594	5	38475064	0.000397971962514285
289	ENSG00000113712	5	148871759	0.0327586582904745
290	ENSG00000113763	5	176237477	2.43144905999044e-07
291	ENSG00000113905	3	186383740	0.731596580967419
292	ENSG00000114021	3	100053544	0.266500675184291
293	ENSG00000114115	3	139236275	0.323848325695224
294	ENSG00000114204	3	167159576	0.339307179833941
295	ENSG00000114251	3	55499742	0.727294611235162
296	ENSG00000114346	3	172468471	5.63736299311565e-11
297	ENSG00000114383	3	50357457	0.0130224185431787
298	ENSG00000114388	3	50384760	0.000767427131659506
299	ENSG00000114395	3	50388125	0.296294016776802
300	ENSG00000114742	3	39093488	3.3565537239964e-05
301	ENSG00000114861	3	71003843	0.662820214095574
302	ENSG00000114978	2	74379654	0.814144155018348
303	ENSG00000115216	2	27650656	1.0090218176072e-07
304	ENSG00000115306	2	54683421	0.867698723006362
305	ENSG00000115310	2	55254342	5.61527620090095e-06
306	ENSG00000115317	2	74756503	0.839902966782922
307	ENSG00000115325	2	74776152	0.024226061642511
308	ENSG00000115415	2	191829083	0.322365151825013
309	ENSG00000115461	2	217536827	0.00799414913048207
310	ENSG00000115526	2	101008326	0.96420815868089
311	ENSG00000115548	2	86667769	0.131433243798914
312	ENSG00000115963	2	151331388	3.27051822689777e-05
313	ENSG00000116016	2	46520805	0.00557732287121857
314	ENSG00000116254	1	6161852	0.0204665757357814
315	ENSG00000116285	1	8064463	0.00217017593719942
316	ENSG00000116288	1	8014350	0.707980259485506
317	ENSG00000116473	1	112084839	0.579625036431386
318	ENSG00000116478	1	32757686	0.122519100584731
319	ENSG00000116525	1	33611002	0.129056942323245
320	ENSG00000116717	1	68150743	0.333433776644017
321	ENSG00000116731	1	14026692	0.00955330152381504
322	ENSG00000116885	1	36881427	0.0238800357407509
323	ENSG00000117118	1	17345216	0.189690919038387
324	ENSG00000117228	1	89518001	0.27860972587999
325	ENSG00000117425	1	45285515	0.234838685813794
326	ENSG00000117707	1	214161273	0.679975219787067
327	ENSG00000117713	1	27022523	0.726539445404241
328	ENSG00000118046	19	1189405	0.00281023582728028
329	ENSG00000118307	12	25261353	0.00112069508705856
330	ENSG00000118308	12	25173935	6.80733011086647e-05
331	ENSG00000118495	6	144261438	0.00305571256232819
332	ENSG00000118503	6	138188350	0.703221494857923
333	ENSG00000118520	6	131894283	0.558578820558921
334	ENSG00000118523	6	132269315	0.00194435938179194
335	ENSG00000118689	6	108881037	0.109211155288864
336	ENSG00000118777	4	89011415	0.00566017615098839
337	ENSG00000118946	13	58205943	0.328487337024544
338	ENSG00000119147	2	106679749	0.196511743538984
339	ENSG00000119318	9	110045417	0.0188561121621158
340	ENSG00000119383	9	131873228	0.935216673291253
341	ENSG00000119401	9	119449580	0.150013676766177
342	ENSG00000119508	9	102584136	0.772321813365312
343	ENSG00000119684	14	75480466	0.542528181551563
344	ENSG00000119715	14	76776956	0.0273753678810147
345	ENSG00000119772	2	25455844	0.0265732982602911
346	ENSG00000119950	10	111967362	0.153208293655397
347	ENSG00000120008	10	122610686	0.00545457716749978
348	ENSG00000120057	10	99526507	0.0052736544285665
349	ENSG00000120129	5	172195092	0.890143471561869
350	ENSG00000120370	1	170501269	0.214978092515596
351	ENSG00000120708	5	135364583	2.92967976385063e-10
352	ENSG00000120727	5	138677275	0.687168285362772
353	ENSG00000120733	5	137688284	0.436125571285503
354	ENSG00000120738	5	137801178	0.891964005214056
355	ENSG00000120868	12	99038918	0.165681968528835
356	ENSG00000120885	8	27454433	0.120265097353973
357	ENSG00000120889	8	22877645	0.225357761098633
358	ENSG00000120910	8	22298331	6.67183234715504e-05
359	ENSG00000120942	1	11333262	0.914098606793712
360	ENSG00000121067	17	47676245	0.0667488112404732
361	ENSG00000121454	1	180199420	0.349869867131284
362	ENSG00000121691	11	34460471	0.00028823114145949
363	ENSG00000121769	1	31838471	0.69910657954036
364	ENSG00000122025	13	28577410	1.02684989780556e-07
365	ENSG00000122035	13	27844463	0.029365283321514
366	ENSG00000122133	9	138453601	8.3356222384404e-13
367	ENSG00000122406	1	93297581	0.853574414554774
368	ENSG00000122707	9	36036429	0.0076006559337254
369	ENSG00000122779	7	138145078	0.0293174047199896
370	ENSG00000122877	10	64574192	0.729164607992148
371	ENSG00000123080	1	51426416	0.790819679385218
372	ENSG00000123094	12	26111961	0.00750618647053165
373	ENSG00000123095	12	26272958	0.933113608317119
374	ENSG00000123358	12	52416615	0.652231052735231
375	ENSG00000123374	12	56360552	3.80885061860696e-07
376	ENSG00000123612	2	158383278	0.245992815840336
377	ENSG00000123689	1	209848764	4.65331971928003e-05
378	ENSG00000124092	20	56071034	0.00288458198768027
379	ENSG00000124160	20	44689623	0.00293449432690398
380	ENSG00000124571	6	43490071	3.40402857698108e-08
381	ENSG00000124713	6	42928495	2.04438963809651e-05
382	ENSG00000124762	6	36644304	0.88265594641181
383	ENSG00000124802	6	8073592	0.000318691026763503
384	ENSG00000124813	6	45295893	0.000985576966367079
385	ENSG00000125144	16	56700642	0.0114670152112825
386	ENSG00000125148	16	56642110	7.49548924360426e-06
387	ENSG00000125347	5	131817300	0.0333923869493394
388	ENSG00000125378	14	54416453	0.474910450959795
389	ENSG00000125482	9	135251007	0.885945545719607
390	ENSG00000125657	19	6531009	0.00290134495547053
391	ENSG00000125780	20	2276646	0.656601579567274
392	ENSG00000125798	20	22561642	0.000159893383749965
393	ENSG00000125841	20	327425	0.00253875670636174
394	ENSG00000125845	20	6748310	0.260023380454191
395	ENSG00000125952	14	65472891	0.0229836762630321
396	ENSG00000126351	17	38214542	0.0169439099631676
397	ENSG00000126456	19	50162825	0.383221438717051
398	ENSG00000126561	17	40439564	9.54386971448797e-06
399	ENSG00000126581	17	40962151	0.776795522719771
400	ENSG00000127124	1	41972035	0.431416599198468
401	ENSG00000127445	19	9945932	0.000215465922965634
402	ENSG00000127616	19	11071597	0.223381683587892
403	ENSG00000127831	2	219283814	0.34113694362974
404	ENSG00000127947	7	77166591	6.08245424514581e-07
405	ENSG00000128016	19	39897452	0.540767031536221
406	ENSG00000128594	7	127667123	0.00422779581919573
407	ENSG00000128596	7	128431497	0.539723641355319
408	ENSG00000128604	7	128577665	0.159068713882264
409	ENSG00000128918	15	58306055	0.0705709996678119
410	ENSG00000129071	3	129149786	0.853542716632894
411	ENSG00000129194	17	7491495	0.607512925343328
412	ENSG00000129422	8	17501303	0.000576364124498716
413	ENSG00000129451	19	51515994	0.0873924280648082
414	ENSG00000129514	14	38059188	0.00684741992297546
415	ENSG00000129521	14	34398304	0.00106246996440331
416	ENSG00000129596	5	115140429	0.116395069221527
417	ENSG00000129757	11	2904442	0.584680026054299
418	ENSG00000129993	16	88941265	0.000328132064204834
419	ENSG00000130176	19	11649531	0.27202373452913
420	ENSG00000130222	9	92219927	0.00108667742917874
421	ENSG00000130254	19	5587009	2.44439818672456e-05
422	ENSG00000130347	6	107018902	0.780630385457321
423	ENSG00000130600	11	2016405	0.000106290411584674
424	ENSG00000130700	20	61038552	0.565651469696407
425	ENSG00000130707	9	133320315	0.924462571122039
426	ENSG00000130816	19	10244020	0.336715382435337
427	ENSG00000130829	23	152907945	6.57182640048061e-05
428	ENSG00000130939	1	10092889	0.634094922305045
429	ENSG00000131016	6	151561133	2.36932106129882e-05
430	ENSG00000131023	6	149979288	0.305934744782583
431	ENSG00000131080	23	65815478	0.91564412051916
432	ENSG00000131435	5	131593363	0.218982219849989
433	ENSG00000131669	9	95883770	0.191247655397049
434	ENSG00000131771	17	37782992	0.556238219141992
435	ENSG00000131899	17	18128900	0.0992528047507968
436	ENSG00000131910	1	27237979	0.809598732605015
437	ENSG00000132170	3	12328866	0.0836209118052478
438	ENSG00000132326	2	239152678	0.000384501020784592
439	ENSG00000132356	5	40759480	0.624563023114002
440	ENSG00000132382	17	4442191	0.0124036896305623
441	ENSG00000132383	17	1732995	0.885216566121848
442	ENSG00000132530	17	6658765	0.841697744467375
443	ENSG00000132698	1	156030950	0.532359430115914
444	ENSG00000132819	20	55966462	0.841276002515956
445	ENSG00000132958	13	19997016	0.9594757072576
446	ENSG00000133116	13	33590206	1.83741532451753e-06
447	ENSG00000133121	13	33677271	0.52040644705124
448	ENSG00000133134	23	102564273	0.0599448678704104
449	ENSG00000133216	1	23037331	1.93139959432789e-08
450	ENSG00000133313	18	72163050	4.89374258342579e-05
451	ENSG00000133321	11	63304280	0.0277495852767048
452	ENSG00000133328	11	63320241	0.837451086038469
453	ENSG00000133454	22	26138110	0.20149868129076
454	ENSG00000133794	11	13298198	0.500551867180772
455	ENSG00000133878	8	33448855	0.184914485857951
456	ENSG00000133895	11	64570981	0.134151289751355
457	ENSG00000133961	14	73741814	0.0528392891259862
458	ENSG00000134086	3	10182691	0.599948059742536
459	ENSG00000134250	1	120454175	0.0197646726168265
460	ENSG00000134371	1	193091146	0.00457190316958087
461	ENSG00000134508	18	20714527	0.000174365582713226
462	ENSG00000134531	12	13349649	0.00298558510087151
463	ENSG00000134574	11	47236492	8.0476529260852e-08
464	ENSG00000134762	18	28569973	0.0840325401331637
465	ENSG00000134917	11	130274819	0.00209691181776378
466	ENSG00000134982	5	112043194	0.0769374095736299
467	ENSG00000135046	9	75766672	0.423342854059788
468	ENSG00000135164	7	86781676	0.576914190685141
469	ENSG00000135249	7	105172531	0.126052998369987
470	ENSG00000135269	7	115850546	0.212841294505105
471	ENSG00000135373	11	34642639	0.532850158541244
472	ENSG00000135423	12	56864735	0.000638332448191253
473	ENSG00000135424	12	56078351	0.654900333407238
474	ENSG00000135482	12	56511942	0.00204190389992135
475	ENSG00000135766	1	231499496	0.205170031481469
476	ENSG00000135956	2	96914253	0.307300697798896
477	ENSG00000136040	12	94542498	0.495270892152929
478	ENSG00000136099	13	53418108	0.0324049580728387
479	ENSG00000136114	13	52951304	0.833971895773416
480	ENSG00000136158	13	80910110	0.477019164324152
481	ENSG00000136160	13	78469615	5.06956126172486e-05
482	ENSG00000136327	14	37049783	0.000189141557280833
483	ENSG00000136560	2	161993418	0.806558100715491
484	ENSG00000136574	8	11534467	0.00302637760570412
485	ENSG00000136603	3	170075465	1.52931317852019e-05
486	ENSG00000136717	2	127805602	0.567226933610026
487	ENSG00000136826	9	110247132	0.0435246177906764
488	ENSG00000136848	9	124329335	0.000202587460716976
489	ENSG00000136999	8	120428545	0.0821965915739046
490	ENSG00000137142	9	38408990	0.438555699938349
491	ENSG00000137203	6	10393418	1.13509278169789e-10
492	ENSG00000137218	6	41737913	0.36677366324224
493	ENSG00000137265	6	391738	0.000845505717848015
494	ENSG00000137331	6	30710975	2.30549690471326e-05
495	ENSG00000137337	6	30667583	0.129158818517778
496	ENSG00000137693	11	101981191	0.0608847144768765
497	ENSG00000137707	11	111338250	0.306976988658952
498	ENSG00000137709	11	120107348	0.74245895830667
499	ENSG00000137713	11	111597631	0.102660545301099
500	ENSG00000137757	11	104864961	0.0260331824865963
501	ENSG00000137801	15	39873279	8.9628198994817e-07
502	ENSG00000137962	1	94615402	9.56710054387008e-07
503	ENSG00000138166	10	112257595	1.73122320108521e-06
504	ENSG00000138193	10	95753745	0.076273282844224
505	ENSG00000138279	10	75134858	0.124718106282294
506	ENSG00000138376	2	215590369	0.169923771138855
507	ENSG00000138413	2	209100950	0.393559434191478
508	ENSG00000138443	2	204192941	0.546659804071627
509	ENSG00000138448	2	187454791	0.000101425186514706
510	ENSG00000138650	4	134070469	0.0129905348371376
511	ENSG00000138738	4	121613069	0.122139814528015
512	ENSG00000139083	12	11802787	0.0257762970886525
513	ENSG00000139174	12	42852139	0.967481632552312
514	ENSG00000139263	12	59265930	0.720968701989382
515	ENSG00000139278	12	75874459	0.0850713434990885
516	ENSG00000139318	12	89741008	0.0768823747853751
517	ENSG00000139352	12	103351463	0.954106938270226
518	ENSG00000139405	12	113623330	0.488007988114476
519	ENSG00000139437	12	110338078	0.13708043743952
520	ENSG00000139515	13	28494156	1.28875437499103e-05
521	ENSG00000139618	13	32889610	0.00609656136574451
522	ENSG00000139687	13	48877886	0.0525137086090921
523	ENSG00000140009	14	64550949	0.500897668423109
524	ENSG00000140044	14	75894418	0.889010898654405
525	ENSG00000140350	15	69070873	0.0255373995606436
526	ENSG00000140464	15	74287013	0.10223181496477
527	ENSG00000140538	15	88418229	0.284240366115754
528	ENSG00000140691	16	31469400	0.0781267089029524
529	ENSG00000140836	16	72816783	0.709298402281485
530	ENSG00000140873	16	77316024	0.234416039289678
531	ENSG00000140931	16	66637776	9.34308529293675e-05
532	ENSG00000140937	16	64977655	6.24854774423343e-05
533	ENSG00000140945	16	82660407	0.226404962129881
534	ENSG00000140961	16	83981886	0.0437664769292084
535	ENSG00000140968	16	85932408	0.00495727004137296
536	ENSG00000141252	17	411907	0.227804105085316
537	ENSG00000141510	17	7565096	0.00477447777353449
538	ENSG00000141646	18	48494409	0.00572485215928269
539	ENSG00000141753	17	38599701	0.0210316088331964
540	ENSG00000142082	11	215457	5.70209613943061e-06
541	ENSG00000142178	21	44834394	0.530848994890271
542	ENSG00000142186	11	65292547	0.0331404013768479
543	ENSG00000142627	1	16450831	0.0166066520497651
544	ENSG00000142676	1	24018268	0.894211099423248
545	ENSG00000142867	1	85731930	0.236475851632613
546	ENSG00000143207	1	175913966	0.399077744106602
547	ENSG00000143416	1	151336777	0.000623485192732165
548	ENSG00000143514	1	223967600	0.167169011274853
549	ENSG00000143570	1	153931574	1.4322075526778e-07
550	ENSG00000143761	1	228270360	0.0288203064769043
551	ENSG00000143768	1	226124297	0.686380939296894
552	ENSG00000143799	1	226548391	0.0137110362333272
553	ENSG00000143878	2	20646834	0.00586652334270255
554	ENSG00000144339	2	192813768	0.0708813743238304
555	ENSG00000144381	2	198351304	1.90108412612258e-08
556	ENSG00000144597	3	15468861	0.147725050047217
557	ENSG00000144642	3	29322472	0.575071534541187
558	ENSG00000144655	3	39183345	0.490262539393572
559	ENSG00000144677	3	37903450	0.0870346463800448
560	ENSG00000144730	3	57124009	0.00367464072757503
561	ENSG00000144736	3	72798429	0.119092645336453
562	ENSG00000144746	3	69134094	0.0880606841650529
563	ENSG00000144749	3	66429220	0.265458722828985
564	ENSG00000144791	3	45596885	0.000739767226642417
565	ENSG00000144843	3	119298114	0.941559994157386
566	ENSG00000144852	3	119499330	0.237641928026688
567	ENSG00000144891	3	148415570	0.66026058267121
568	ENSG00000145088	3	121554029	0.000104119733357254
569	ENSG00000145147	4	20254882	0.0272403626429711
570	ENSG00000145423	4	154701743	1.65509982865939e-08
571	ENSG00000145604	5	36152090	0.004113115549525
572	ENSG00000145632	5	57749808	0.00426187093029629
573	ENSG00000145687	5	80708839	0.0779331920877201
574	ENSG00000145703	5	75699073	4.08367340153738e-05
575	ENSG00000145777	5	110405759	0.184180914789828
576	ENSG00000145824	5	134906372	0.0283236083094305
577	ENSG00000145879	5	147691981	0.0666326781481354
578	ENSG00000146038	6	24171983	0.562825927231598
579	ENSG00000146070	6	46671937	0.609398680474303
580	ENSG00000146094	5	176928907	0.492459715674625
581	ENSG00000146414	6	146205942	0.59967680561896
582	ENSG00000146674	7	45951948	1.00095930286947e-05
583	ENSG00000146904	7	143087381	0.0159676797010334
584	ENSG00000147050	23	44732756	0.126775593122672
585	ENSG00000147257	23	132669772	0.121869790941839
586	ENSG00000147274	23	135930162	0.850361715078183
587	ENSG00000147316	8	6264112	0.00233353931673706
588	ENSG00000147364	8	356807	0.000173168228076758
589	ENSG00000147394	23	152082985	0.194227330431683
590	ENSG00000147403	23	153618314	0.755972063983076
591	ENSG00000147443	8	21766383	0.0341942190714565
592	ENSG00000147804	8	145635125	0.00714113962085213
593	ENSG00000147854	9	6413150	0.309664381651219
594	ENSG00000147883	9	22002901	0.915250038278204
595	ENSG00000147889	9	21967750	0.916054889237816
596	ENSG00000148180	9	123970071	0.0788306102517956
597	ENSG00000148337	9	130928343	0.210269715357267
598	ENSG00000148400	9	139388895	0.450608500423582
599	ENSG00000148481	10	15820168	0.157316973539894
600	ENSG00000148737	10	114710008	0.0929218315080334
601	ENSG00000149177	11	48002112	0.108059533327703
602	ENSG00000149311	11	108093210	0.327984499137098
603	ENSG00000149547	11	125439111	0.186241946283083
604	ENSG00000149554	11	125495035	9.25263832272597e-07
605	ENSG00000149591	11	117070036	0.0293196536384531
606	ENSG00000149782	11	64018994	0.000415200009654935
607	ENSG00000150093	10	33218751	1.45875759193821e-07
608	ENSG00000150457	13	21547170	0.000554651454669183
609	ENSG00000150527	14	39736327	0.153139321588749
610	ENSG00000150593	10	112631564	7.91748894212828e-05
611	ENSG00000150907	13	41129803	0.000205649760888701
612	ENSG00000151090	3	24158650	0.902948095449261
613	ENSG00000151348	11	44117098	1.52578138836588e-08
614	ENSG00000151692	2	7057522	0.0136563132314952
615	ENSG00000152213	13	50202434	0.0866419812876179
616	ENSG00000152484	13	27640292	0.545183769034546
617	ENSG00000152518	2	43449540	0.473713124294165
618	ENSG00000152583	4	88394486	0.479117853563466
619	ENSG00000152661	6	121756837	0.0142960836127572
620	ENSG00000152894	6	128289923	0.801523688619099
621	ENSG00000152977	3	147111208	0.00509376131028345
622	ENSG00000153071	5	39393359	0.118726372288264
623	ENSG00000153094	2	111876954	0.345023986513995
624	ENSG00000153179	12	65004292	0.282807401016369
625	ENSG00000153246	2	160794361	0.987713397499043
626	ENSG00000153487	13	111365082	0.163243532589445
627	ENSG00000153707	9	8314245	0.0389241908129964
628	ENSG00000153922	5	98190907	0.676673631374485
629	ENSG00000154096	11	119288089	5.33380824071827e-05
630	ENSG00000154144	11	124492731	0.731209667435502
631	ENSG00000154277	4	41258429	2.17243818319509e-08
632	ENSG00000154640	21	18965970	0.749705193898285
633	ENSG00000154655	18	5954704	0.340617698621989
634	ENSG00000154764	3	13857754	0.0154055547556034
635	ENSG00000154803	17	17115525	0.983124445288285
636	ENSG00000155090	8	103661006	0.000864725416416176
637	ENSG00000155254	10	99472929	5.77587924922289e-10
638	ENSG00000155666	16	27214806	1.60114616929983e-05
639	ENSG00000156076	12	65444405	0.715768786390087
640	ENSG00000156508	6	74225472	0.419998295661699
641	ENSG00000156531	23	133507282	0.0044831539017933
642	ENSG00000156687	8	35093282	0.310022949525275
643	ENSG00000156804	8	124510128	0.0065061013056919
644	ENSG00000157450	15	59157373	0.559874363582728
645	ENSG00000157557	21	40177230	0.0332165198028053
646	ENSG00000157613	11	46299211	1.06394283969486e-05
647	ENSG00000158008	1	26346374	0.00253143483803485
648	ENSG00000159023	1	29213602	0.414190279176127
649	ENSG00000159184	17	46802124	6.39035559023645e-07
650	ENSG00000159216	21	36259342	0.30121882814308
651	ENSG00000159388	1	203274618	3.61295991659776e-05
652	ENSG00000159840	7	143078172	0.0157168859462113
653	ENSG00000160049	1	10516578	0.857232830392771
654	ENSG00000160199	21	44394619	0.720121738561538
655	ENSG00000160469	19	55793439	0.0118052712906947
656	ENSG00000160633	19	5623045	0.0297086527462541
657	ENSG00000160862	7	99564342	0.560817004291067
658	ENSG00000161040	7	102453307	0.415024762530829
659	ENSG00000161055	5	180017102	0.000192037015180622
660	ENSG00000161298	19	37095718	0.0015026672169682
661	ENSG00000161405	17	37921197	2.02728189649814e-09
662	ENSG00000161544	17	74523437	0.796059784510703
663	ENSG00000161638	12	54789044	7.23741014482737e-17
664	ENSG00000161905	17	4534196	0.0275475408780502
665	ENSG00000161940	17	6926338	0.995362930512793
666	ENSG00000162409	1	57110994	0.813264523950503
667	ENSG00000162545	1	20808883	0.000339177992682057
668	ENSG00000162551	1	21835857	0.302269603507967
669	ENSG00000162595	1	68511644	0.887065413073317
670	ENSG00000162694	1	101337942	0.146242663629836
671	ENSG00000162706	1	159141398	0.71143189515161
672	ENSG00000162733	1	162601162	0.0746320752110314
673	ENSG00000162734	1	160175126	0.00768614721257286
674	ENSG00000162772	1	212738675	0.249381353891842
675	ENSG00000162777	1	111729795	2.64617917113419e-05
676	ENSG00000162892	1	207070787	0.000939524468948416
677	ENSG00000163032	2	17720392	0.365834839248446
678	ENSG00000163154	1	151129104	0.00129480998000719
679	ENSG00000163191	1	152004981	0.000374000200185183
680	ENSG00000163347	3	190023489	0.298639135683427
681	ENSG00000163453	4	57896938	0.489446736465223
682	ENSG00000163513	3	30647993	0.214909325853497
683	ENSG00000163564	1	158900585	9.95742919304256e-06
684	ENSG00000163565	1	158979681	0.800688078636937
685	ENSG00000163568	1	159032273	0.73943689380093
686	ENSG00000163590	3	160473389	0.167339642624427
687	ENSG00000163629	4	87515467	0.609336848092902
688	ENSG00000163638	3	64501488	0.00403885264760901
689	ENSG00000163737	4	74846793	0.0904238811132472
690	ENSG00000163743	4	76404246	1.16224013143511e-05
691	ENSG00000163814	3	45123769	0.000245349136128535
692	ENSG00000163930	3	52435028	0.00960240090227502
693	ENSG00000163932	3	53195135	0.999662498409833
694	ENSG00000163939	3	52579367	0.0339184225590299
695	ENSG00000164022	4	107236700	0.403477415172878
696	ENSG00000164040	4	129190396	0.1347363089273
697	ENSG00000164078	3	49924434	0.359008113046315
698	ENSG00000164120	4	175411327	0.00354146533871204
699	ENSG00000164197	5	63461708	0.158441645733743
700	ENSG00000164400	5	131409482	0.604680302313448
701	ENSG00000164442	6	139693392	0.829822337030186
702	ENSG00000164494	6	107473760	0.22986611420759
703	ENSG00000164741	8	12940869	0.33920217372136
704	ENSG00000164825	8	6728096	0.252384013310698
705	ENSG00000164938	8	95938199	1.60911416184905e-06
706	ENSG00000165025	9	93564068	0.00679971419652639
707	ENSG00000165060	9	71650478	0.818335828003411
708	ENSG00000165140	9	97365414	5.72889156618516e-09
709	ENSG00000165238	9	95947211	0.289246537423512
710	ENSG00000165325	11	93063136	0.926987631750175
711	ENSG00000165474	13	20761608	3.29107216013359e-05
712	ENSG00000165478	11	124789088	0.791242074108949
713	ENSG00000165556	13	28536273	0.000144673792028222
714	ENSG00000165617	14	59100785	9.79008076467852e-07
715	ENSG00000165699	9	135766734	0.0213567380850058
716	ENSG00000165795	14	21485379	2.03521907455532e-11
717	ENSG00000165821	14	21989231	0.555412845095281
718	ENSG00000166033	10	124221040	0.000384528140253081
719	ENSG00000166091	14	23846016	0.751649492247328
720	ENSG00000166164	16	50347397	0.914573549771404
721	ENSG00000166200	15	49398267	0.140747919546034
722	ENSG00000166266	11	107879458	0.328171402510217
723	ENSG00000166333	11	6624960	0.475990599569213
724	ENSG00000166347	18	71920530	0.000153457196236921
725	ENSG00000166394	11	7686330	0.572111598718805
726	ENSG00000166444	11	8714897	0.584649666220332
727	ENSG00000166454	16	81069451	0.366625602393568
728	ENSG00000166501	16	23847321	1.56292696780304e-06
729	ENSG00000166573	18	74962504	0.252166905968667
730	ENSG00000166598	12	104324111	3.48568268226616e-07
731	ENSG00000166619	20	36120873	0.582089364572306
732	ENSG00000166813	15	90171207	0.00493731333619006
733	ENSG00000166851	16	23688976	4.97398965843145e-26
734	ENSG00000166866	12	57422300	0.560998177691428
735	ENSG00000166923	15	33010174	4.46942399934699e-08
736	ENSG00000166946	15	43477315	0.000210356654907171
737	ENSG00000167034	8	23536205	0.11918436340063
738	ENSG00000167085	17	47481413	0.0813192329488178
739	ENSG00000167394	16	31072163	0.109399298276164
740	ENSG00000167642	19	38734674	0.220345652974199
741	ENSG00000167657	19	3958450	0.807644149525623
742	ENSG00000167755	19	51461886	6.6279846968236e-05
743	ENSG00000167772	19	8428172	0.000338706591239166
744	ENSG00000168040	11	70049268	8.79208077819608e-05
745	ENSG00000168062	11	64755414	0.117463039208627
746	ENSG00000168229	14	52734430	0.0295591692858016
747	ENSG00000168389	1	40420801	0.875107778918761
748	ENSG00000168395	2	242641449	0.143134138094538
749	ENSG00000168556	4	184426146	0.883073469604058
750	ENSG00000168610	17	40465341	0.305366818187118
751	ENSG00000168646	17	63524680	0.0305755078368302
752	ENSG00000168702	2	140988991	0.440249754427602
753	ENSG00000168710	1	110527307	0.0538775292566631
754	ENSG00000168769	4	106067449	0.000865840533067302
755	ENSG00000168772	4	105389468	0.0619785008681117
756	ENSG00000168906	2	85766287	0.226891680366221
757	ENSG00000169071	9	94325372	0.00047458938871261
758	ENSG00000169129	10	116054582	0.785724922171818
759	ENSG00000169245	4	76942272	0.162588911998128
760	ENSG00000169567	5	130494719	0.70794718895337
761	ENSG00000169855	3	78646390	0.600059302651622
762	ENSG00000169856	15	53049636	0.0406837157019722
763	ENSG00000170296	17	7143332	0.581180318042153
764	ENSG00000170367	20	23856571	0.756021211044742
765	ENSG00000170476	5	138723168	0.000697215435464432
766	ENSG00000170485	2	101436613	0.0111586775583343
767	ENSG00000170498	1	204159468	0.13094668874375
768	ENSG00000170549	5	3596167	0.491817199839871
769	ENSG00000170632	7	102715327	0.118764939001337
770	ENSG00000170801	4	8271491	1.62175403250504e-06
771	ENSG00000170873	8	125563030	0.374473168326406
772	ENSG00000170955	11	6340175	0.00638463371102483
773	ENSG00000171056	8	10582908	0.497503837472564
774	ENSG00000171132	2	45878912	0.00483596266146161
775	ENSG00000171345	17	39679868	0.265661485179266
776	ENSG00000171444	5	112357795	0.890448957294805
777	ENSG00000171456	20	30946154	0.112890296748928
778	ENSG00000171476	4	57514154	0.30814183350522
779	ENSG00000171604	5	139026883	0.193745271396172
780	ENSG00000171720	5	141000442	0.26373710991659
781	ENSG00000171735	1	6845383	0.0655047883112602
782	ENSG00000171862	10	89622869	0.0178317415155131
783	ENSG00000172005	2	95691421	0.00459790950900253
784	ENSG00000172201	6	19837616	0.000284860584718312
785	ENSG00000172403	4	119809995	0.190410165043784
786	ENSG00000172530	16	87985037	0.577373877115767
787	ENSG00000172531	11	67165653	0.133698482824771
788	ENSG00000172732	11	65624596	0.478015452286779
789	ENSG00000172977	11	65479466	0.00170392772075167
790	ENSG00000173432	11	18287720	0.00221070189187222
791	ENSG00000173473	3	47626761	0.345780335275115
792	ENSG00000173531	3	49721379	0.00337491462863358
793	ENSG00000173542	4	71768042	0.370381187853043
794	ENSG00000173641	1	16340522	0.000309621019644701
795	ENSG00000173801	17	39775691	0.831789491785396
796	ENSG00000173889	3	169805371	0.842389324330307
797	ENSG00000173933	11	66384096	0.610015326098953
798	ENSG00000174282	17	7362684	0.000391838969519284
799	ENSG00000174292	17	7283852	0.000234635528842414
800	ENSG00000174307	1	201434619	0.432884429719757
801	ENSG00000174744	11	66104803	0.631423082377027
802	ENSG00000175054	3	142168078	0.404970043022427
803	ENSG00000175161	3	85008131	2.83766239126458e-05
804	ENSG00000175315	11	65779311	0.0163900364298895
805	ENSG00000175354	18	12785476	0.493724634579499
806	ENSG00000175356	11	9041070	0.0313573259733513
807	ENSG00000175387	18	45357921	0.922637668903478
808	ENSG00000175390	11	7991797	0.72200753301295
809	ENSG00000175662	17	17746827	0.0035384560554548
810	ENSG00000175793	1	27189632	0.00149268266433623
811	ENSG00000176046	16	28548605	0.380123045735927
812	ENSG00000176124	13	50656306	0.281306834983502
813	ENSG00000176485	11	63340666	0.459611321528884
814	ENSG00000176490	19	2714564	0.0226934795258937
815	ENSG00000176788	5	17065706	1.08555781096725e-06
816	ENSG00000176887	2	5832798	2.90466697214905e-11
817	ENSG00000177374	17	1957447	0.0560454652377396
818	ENSG00000177409	7	92759367	0.882924820187934
819	ENSG00000177425	12	79968758	0.469199312942343
820	ENSG00000177463	3	14989090	0.108802006202699
821	ENSG00000177519	2	154333851	0.386017539064745
822	ENSG00000178175	5	71738478	0.00226015317757856
823	ENSG00000178343	4	42399855	0.282195825259425
824	ENSG00000178568	2	212240445	0.969198359230614
825	ENSG00000178585	1	9908333	0.228495808016042
826	ENSG00000178691	17	30264036	0.21652808702162
827	ENSG00000178726	20	23026269	0.209223082299801
828	ENSG00000178764	8	123793632	0.159605567782317
829	ENSG00000178773	16	89642175	0.443399378352089
830	ENSG00000179242	20	59827481	0.599361013212101
831	ENSG00000179271	19	13064971	0.842089628135292
832	ENSG00000179295	12	112856154	0.0629233815515168
833	ENSG00000179399	13	92050928	0.00691689004755407
834	ENSG00000179456	1	244214584	1.21964504517006e-06
835	ENSG00000179593	17	7942334	0.557953848063019
836	ENSG00000179776	16	66400532	0.499102357743039
837	ENSG00000179796	3	26664296	0.0201012349652555
838	ENSG00000180447	9	89559278	0.000812161133899901
839	ENSG00000180871	2	218990011	0.553331990222899
840	ENSG00000180900	8	144873089	0.0083589456697249
841	ENSG00000180953	15	80191181	0.326810086769888
842	ENSG00000181007	19	36874021	0.0584779050443046
843	ENSG00000181163	5	170814119	5.33565888180604e-06
844	ENSG00000181555	3	47058178	0.00428951239765813
845	ENSG00000181649	11	2949502	3.39681764714579e-08
846	ENSG00000182168	4	96083654	0.502350551897139
847	ENSG00000182197	8	118806728	3.45475834797048e-05
848	ENSG00000182253	15	99638419	0.593399280501621
849	ENSG00000182580	3	184279571	0.0762952216184013
850	ENSG00000182636	15	23930564	0.573545028736377
851	ENSG00000182782	12	123185839	0.293162512665745
852	ENSG00000182916	23	102585123	0.325296507199024
853	ENSG00000182985	11	115039955	0.126188996325234
854	ENSG00000183117	8	2792874	0.160040107953648
855	ENSG00000183454	16	9852375	0.467169426974016
856	ENSG00000183479	23	152710177	0.197795545464349
857	ENSG00000183715	11	132284874	0.14387225300485
858	ENSG00000183765	22	29083730	0.391431861538895
859	ENSG00000183770	3	138663065	3.43472821326621e-05
860	ENSG00000183814	1	226418849	0.00302426861348897
861	ENSG00000184047	12	122692209	0.00252119452692027
862	ENSG00000184226	13	66876966	0.000421452060634008
863	ENSG00000184281	11	2421717	0.727684026952352
864	ENSG00000184481	23	70316046	0.000133868904167769
865	ENSG00000184557	17	76352863	6.99993681794978e-05
866	ENSG00000184675	23	63404996	0.819769036218897
867	ENSG00000184828	18	45553043	0.00339655573114503
868	ENSG00000184937	11	32409320	2.1870594965982e-09
869	ENSG00000185024	14	105675622	0.185021908927784
870	ENSG00000185338	16	11348261	0.0868580123954187
871	ENSG00000185345	6	161768451	0.00965241418288454
872	ENSG00000185559	14	101192041	0.00838045744557242
873	ENSG00000185565	3	115529163	0.972682359931936
874	ENSG00000185811	7	50344377	1.67076373524223e-07
875	ENSG00000185920	9	98205261	0.00314546879482997
876	ENSG00000185988	19	1524072	0.700211598559458
877	ENSG00000186153	16	78133309	0.54583176489822
878	ENSG00000186532	17	1682778	0.280641097919361
879	ENSG00000186575	22	29999544	0.0636581872727442
880	ENSG00000186654	22	45064592	0.531961712844809
881	ENSG00000186716	22	23521890	0.000427869655525083
882	ENSG00000186891	1	1138887	0.0676723246434954
883	ENSG00000186951	22	46546423	7.24540236306024e-05
884	ENSG00000187045	22	37461475	0.627624636884483
885	ENSG00000187054	4	68775102	0.603583693934308
886	ENSG00000187091	3	38048986	4.55242991256347e-05
887	ENSG00000187140	1	63788729	0.000148407211328523
888	ENSG00000187323	18	49866541	0.0105980260926812
889	ENSG00000187608	1	948802	0.0653145670678998
890	ENSG00000187678	5	141689991	0.000269566285575926
891	ENSG00000187908	10	124320180	0.614805909428655
892	ENSG00000188215	16	20866246	0.477437960182539
893	ENSG00000188257	1	20301924	0.0209949284844983
894	ENSG00000188486	11	118964563	0.000298157597529011
895	ENSG00000188827	16	3631181	0.852805146972358
896	ENSG00000188994	6	87865266	0.5743860925353
897	ENSG00000189067	16	11641852	0.651566532072523
898	ENSG00000189079	12	46123447	0.0770420455426732
899	ENSG00000189283	3	59735035	0.0676297126301213
900	ENSG00000189431	11	13030695	0.0169563027696522
901	ENSG00000196090	20	40701391	0.0649768582109374
902	ENSG00000196092	9	36833271	0.222480412142398
903	ENSG00000196159	4	126237553	0.120558611712073
904	ENSG00000196220	3	9022274	0.00020429529906044
905	ENSG00000196396	20	49126890	0.00541371987949136
906	ENSG00000196411	7	100400186	0.456520119816244
907	ENSG00000196470	16	48390274	0.98569083076237
908	ENSG00000196549	3	154741912	0.00990963691360369
909	ENSG00000196581	1	4714791	0.222934365524408
910	ENSG00000196628	18	52889561	0.17023195514475
911	ENSG00000196712	17	29421944	0.917571829627467
912	ENSG00000196730	9	90112142	0.535193387240561
913	ENSG00000196754	1	153533583	0.00805345337040844
914	ENSG00000196914	11	120207786	0.0561930588281358
915	ENSG00000197081	6	160390130	0.0180385149543426
916	ENSG00000197181	8	22132809	0.900216966392954
917	ENSG00000197299	15	91260557	2.76742709081194e-07
918	ENSG00000197381	21	46493767	0.0405527228626046
919	ENSG00000197579	9	32540541	0.000824790720104097
920	ENSG00000197599	16	1484383	0.191623281839891
921	ENSG00000197635	2	162848750	0.244462087818429
922	ENSG00000198300	19	57321444	0.869318574455779
923	ENSG00000198382	11	75526211	0.516444017061095
924	ENSG00000198417	16	56691605	0.110819598658016
925	ENSG00000198553	13	50589389	0.0056165693275532
926	ENSG00000198561	11	57520714	0.566322181410962
927	ENSG00000198650	16	71599562	0.14923628820653
928	ENSG00000198680	9	25676395	0.665299021525454
929	ENSG00000198924	10	115594487	0.695774424185579
930	ENSG00000198947	23	31137337	0.691062237692472
931	ENSG00000198964	10	52065359	0.0207556522185622
932	ENSG00000204138	1	28696113	0.134251374217686
933	ENSG00000204217	2	203241658	0.919269151279421
934	ENSG00000204370	11	111957496	0.0285157398924088
935	ENSG00000204472	6	31582960	0.146442114034625
936	ENSG00000204610	6	30130992	0.254707057403404
937	ENSG00000204616	6	30070673	0.389298737022682
938	ENSG00000204859	1	6640060	0.0045859238999664
939	ENSG00000204977	13	50570948	1.19177300671562e-05
940	ENSG00000205076	19	39261610	0.109981766231221
941	ENSG00000205364	16	56666144	0.338034401511306
942	ENSG00000206075	18	61143993	1.02351309845213e-05
943	ENSG00000211445	5	150400123	0.543963936462365
944	ENSG00000213341	10	101948054	0.360419976660097
945	ENSG00000213853	16	10622278	0.690497393121236
946	ENSG00000214548	14	101292444	0.00838794487993497
947	ENSG00000215218	5	6448735	0.457560559958551
948	ENSG00000215301	23	41192650	0.165262580528546
949	ENSG00000221829	9	35073831	0.437167116149919
950	ENSG00000221869	8	48649470	0.112868530784919
951	ENSG00000225921	6	13615820	0.130564857114096
952	ENSG00000231607	13	50601268	0.00285293014861898
953	ENSG00000233608	2	239756672	0.0143349496227471
954	ENSG00000234741	1	173833037	0.134459682747556
955	ENSG00000239306	11	66384052	0.59599690960916
956	ENSG00000239672	17	49230896	0.000143252534948296
957	ENSG00000239697	17	7452207	0.05606993011818
958	ENSG00000240184	5	140855579	0.00696612097825262
959	ENSG00000241186	3	46653924	0.0249291767008236
960	ENSG00000241697	9	103204559	0.000103595375940506
961	ENSG00000243709	1	226073981	0.177933835134086
962	ENSG00000243725	1	55181494	0.0291774359436434
963	ENSG00000243989	3	52009065	0.0317696018579277
964	ENSG00000245848	19	33790839	0.00182731802991252
965	ENSG00000253958	8	8559447	0.0145767351718143
966	ENSG00000256870	12	101549270	0.000763093138991509
967	ENSG00000257923	7	101458958	0.438768780193715
968	ENSG00000259207	17	45331211	6.18724803585621e-05
969	ENSG00000261857	19	41277552	0.461559804697542
973	ENSG00000266173	17	61780191	0.381936390004987
