	X	idx	beta	pval	cilb	ciub	i2	tau2	symbol.x	TE.fixed	lower.fixed	upper.fixed	pval.fixed	TE.random	lower.random	upper.random	pval.random	symbol.y
1	ENSG00000005339.11	18635	-0.0784659079877969	0.280519409478806	-0.220976113550109	0.0640442975745155	95.6682961998197	0.109100049235251	CREBBP	0.9117384018603	0.843398789366652	0.985615492821623	0.0201016764224682	0.905485774145573	0.814135477587437	1.00708605600835	0.067275882026204	CREBBP
2	ENSG00000012048.18	28561	1.04460842578943	7.49815662235344e-11	0.730124802083986	1.35909204949487	97.972131716469	0.537054082360969	BRCA1	1.10091966368528	1.04569097036388	1.15906528815789	0.000250887921290677	1.11455020788065	0.99509936405291	1.24833982490691	0.0607889117984809	BRCA1
3	ENSG00000039068.17	56928	0.377018927523178	0.173539374132215	-0.165955097136728	0.919992952183084	98.6759447530064	1.44447972857145	CDH1	0.960065743213669	0.932585797866661	0.988355423598464	0.00595092351009661	0.962254152912484	0.910889155428206	1.01651562023707	0.169222022643356	CDH1
4	ENSG00000047410.12	21236	0.238869812072281	0.00028815095780049	0.109743603595024	0.367996020549539	95.6908922254634	0.0900031953076231	TPR	1.08188175005771	0.998564599238551	1.17215062701048	0.0542502804044311	1.11235189998087	0.996163566174781	1.24209195297347	0.0585343731636182	TPR
5	ENSG00000047932.12	31377	-0.119975283881596	0.103983393057073	-0.264606384777994	0.024655817014803	97.6314822655276	0.116715993008426	GOPC	1.1606676632447	1.06645601590408	1.26320204904078	0.000561372559909607	1.15795456002969	1.0491971805199	1.27798548069786	0.00356466327252914	GOPC
6	ENSG00000047936.9	8916	-1.01425812782572	0.234036965105228	-2.68473656076239	0.656220305110959	99.2067909395664	16.0642589731484	ROS1	1.0237081920819	1.01197746296951	1.03557490248888	6.75555603103147e-05	1.02515188957516	1.00605025296451	1.044616204412	0.0096386550569467	ROS1
7	ENSG00000065559.13	12041	-0.337271153222422	9.61090047933468e-06	-0.486633345994886	-0.187908960449958	98.092503718964	0.12452907712213	MAP2K4	0.943498805565386	0.871942977565744	1.02092684843739	0.148375413329406	0.935413776711252	0.837016413679922	1.04537846493869	0.239046347497875	MAP2K4
8	ENSG00000066455.11	30026	0.0832762054760476	0.188350421505423	-0.0407994350526693	0.207351846004765	97.6277623759939	0.0851268176337602	GOLGA5	1.07695212221552	0.980353959864053	1.18306848447407	0.122068337753821	1.11223870269409	0.960035339341224	1.28857228591138	0.156552279413589	GOLGA5
9	ENSG00000066468.19	59628	-1.36638707738714	4.35905326035116e-08	-1.85547400312411	-0.87730015165016	98.1985246317508	1.32751157828597	FGFR2	0.956247279319966	0.93399667301545	0.979027961903362	0.000195770556069537	0.95149777696554	0.925032365934664	0.978720370130607	0.000551411325752712	FGFR2
10	ENSG00000069399.11	15798	0.15337229801432	0.326351939316903	-0.152901492333454	0.459646088362095	94.0994077456388	0.468827584467703	BCL3	1.01087632795206	0.963261510220244	1.06084478573238	0.660342174766589	1.0168695418007	0.911617737160743	1.13427330655332	0.76411502365194	BCL3
11	ENSG00000071564.13	14560	0.842537212148896	8.44172176935656e-15	0.629756365753587	1.0553180585442	97.7082176810325	0.246710825673021	TCF3	1.02393160817539	0.953469234991617	1.09960122439593	0.515610470491142	1.05159734449051	0.8830390590909	1.25233075882055	0.572451341370843	TCF3
12	ENSG00000076242.13	9384	-0.159633506386734	0.0125726776595942	-0.285002043918763	-0.0342649688547059	97.6228232324239	0.0845817495673467	MLH1	1.00509056135858	0.936573033479184	1.0786206739045	0.887907502402305	0.970613791633273	0.866597398541778	1.08711511723203	0.606049186412944	MLH1
13	ENSG00000077150.16	15693	0.307534972236708	0.00750263494911389	0.0820929465211788	0.532976997952236	95.7834333655901	0.268167472759466	NFKB2	1.02851824684629	0.970123082609098	1.09042842404155	0.34574390594457	1.03907686519925	0.910899848502031	1.18529027485056	0.568227867633789	NFKB2
14	ENSG00000077782.18	37728	-0.455351334879095	0.117646213902795	-1.02571949736044	0.115016827602246	99.3299288909489	1.85121404147482	FGFR1	1.0264396561884	0.99145892804091	1.06265457700604	0.140185311128205	1.02415528603796	0.964427038429127	1.08758258336261	0.43626205084845	FGFR1
15	ENSG00000083093.8	53668	0.528419827325592	3.17458704576208e-13	0.386287868286862	0.670551786364323	96.1382196838798	0.108339606757489	PALB2	0.987132329163382	0.902529371392533	1.0796659545562	0.77695246541999	0.954968074752911	0.807913718358451	1.12878888311272	0.589156796698878	PALB2
16	ENSG00000083799.16	35588	-0.354419448028283	0.000238048039196361	-0.54345064275057	-0.165388253305995	98.2374371987239	0.201955111445901	CYLD	0.904909653143256	0.844161177618506	0.970029778746717	0.00482968944158178	0.888852540873685	0.805301728339852	0.981071828873794	0.0193155999177692	CYLD
17	ENSG00000089280.17	19092	0.418062725846795	8.85068053626459e-13	0.303419593365809	0.53270585832778	93.6775388752781	0.0652256807940798	FUS	0.993718919798532	0.906354223227994	1.08950481639358	0.89324554132964	1.0129478210488	0.881034128679231	1.16461241939139	0.856589233433245	FUS
18	ENSG00000091483.6	18888	-0.105975546848113	0.476269302693448	-0.397571329999006	0.185620236302781	99.2254825886583	0.500772419759846	FH	0.957390061479583	0.885885900837997	1.03466567077412	0.271554380492249	0.968196776430576	0.863671354889309	1.08537233819767	0.579247835216859	FH
19	ENSG00000095002.11	47942	0.564637971639024	5.9715262220449e-06	0.320199371892449	0.809076571385598	98.5060628020006	0.339508850404441	MSH2	1.10853752127106	1.03419486561255	1.1882242669402	0.00362257051173398	1.14961025245187	0.976662288897068	1.35318394860411	0.0937220275661372	MSH2
20	ENSG00000096968.11	6313	-0.502689047385729	9.1162536531719e-09	-0.674144588325991	-0.331233506445468	95.1641409616657	0.154424898987944	JAK2	0.904774994765196	0.862061873615221	0.94960444975873	4.99797635206888e-05	0.905797302009547	0.857763449222489	0.956521000132939	0.000372311497235003	JAK2
21	ENSG00000097007.16	22336	-0.243650086040512	0.0460629838185359	-0.483043325335718	-0.00425684674530574	98.4575731377575	0.310441878213443	ABL1	1.06085447557592	0.979743651825575	1.14868028616717	0.145477909052037	1.03947208193866	0.929314173303324	1.16268775422758	0.498193290373909	ABL1
22	ENSG00000099956.16	11789	0.331780552478191	6.16684448745725e-08	0.21166777393724	0.451893331019141	96.3003517799714	0.0760196174090346	SMARCB1	0.925349295376838	0.848935076081117	1.0086417001488	0.0776827662742106	0.859880575007196	0.739373742125347	1.00002821462025	0.0500428254363117	SMARCB1
23	ENSG00000100311.15	32994	-0.013775322907486	0.946810517013192	-0.418483634978131	0.390932989163159	98.4526632218872	0.907959778628866	PDGFB	1.06372059034697	1.01660889373472	1.11301553754001	0.00752518422070685	1.05301337097383	0.976562619750545	1.1354491120425	0.179191571457513	PDGFB
24	ENSG00000100721.9	43996	-0.851063419253688	0.0665640109260305	-1.76027944241118	0.0581526039038036	90.5230919659442	3.84165759283203	TCL1A	0.972171367883976	0.962521886535328	0.981917587282532	2.93372932411381e-08	0.971894888354451	0.958158289395507	0.985828421528803	8.66577480350256e-05	TCL1A
25	ENSG00000103197.15	2068	0.114734058287876	0.14209747124758	-0.0384476954708908	0.267915812046643	97.3276974754604	0.129598091242561	TSC2	0.932328728837863	0.858724453978197	1.01224188339988	0.0949244132342988	0.920057133205798	0.808071915276326	1.04756162460293	0.208296829253343	TSC2
26	ENSG00000105221.15	9978	-0.0373718216475564	0.63949584320622	-0.193748483710395	0.119004840415282	98.1014520956699	0.138225634446092	AKT2	1.07890352120035	0.99123437724937	1.17432651124212	0.0790283738326004	1.03976841276814	0.891428359301785	1.21279331189011	0.619498915707213	AKT2
27	ENSG00000105810.8	54072	0.0383445298624732	0.798914673796062	-0.256663581391987	0.333352641116933	97.6315291444327	0.473041213100339	CDK6	1.07326056704005	1.03765171880263	1.11009139568749	4.00967523315318e-05	1.07243858300129	1.00906633623289	1.13979078779254	0.0244243195102095	CDK6
28	ENSG00000105976.13	34873	0.632209425223692	0.0239802524413758	0.0833112507729878	1.1811075996744	99.0531043352399	1.67438757974706	MET	1.05185625590259	1.01765121875809	1.08721098416374	0.0027237035603008	1.04950835473989	0.988561339465336	1.1142128896772	0.113406882214033	MET
29	ENSG00000107779.10	49873	-0.36341634683042	0.000738718206312221	-0.574476229195164	-0.152356464465677	98.0296596068899	0.234507775687426	BMPR1A	0.96470756109504	0.891040962907302	1.04446452764345	0.375326102999531	0.964575875445453	0.874864965112493	1.06348597394311	0.468981000171516	BMPR1A
30	ENSG00000107807.11	56061	2.7632944711262	0.000238165480657636	1.28942851988272	4.23716042236967	97.9639402428233	11.5948199552745	TLX1	1.01096333586831	1.00145975570428	1.02055710241817	0.0236565014204509	1.01454543344717	0.999081323865502	1.03024890160701	0.0653752289301908	TLX1
31	ENSG00000107882.10	18699	-0.05077338057614	0.360303935332871	-0.159557278486378	0.0580105173340977	92.2483429336366	0.0597626117235303	SUFU	0.940838538440091	0.867992257481162	1.01979844610918	0.138032139012185	0.940838538440091	0.867992257481162	1.01979844610918	0.138032139012185	SUFU
32	ENSG00000108654.10	16429	-0.0513863151646934	0.336891467899659	-0.156262564928341	0.0534899345989543	90.621857504809	0.0523862546824636	DDX5	0.827170826460759	0.750616585594902	0.911532717606423	0.00012848555060982	0.805131026202662	0.707709579382203	0.915963254192534	0.000987956931962333	DDX5
33	ENSG00000109471.4	35119	-1.32736129583078	0.0490936477907928	-2.64945201821376	-0.00527057344780091	96.3831380126021	9.2950191682256	IL2	0.987258018779319	0.978444595580761	0.996150829639507	0.00506459553094692	0.987655367637538	0.977290177939039	0.998130491069038	0.0210215554954352	IL2
34	ENSG00000109670.12	27294	-0.116664224868851	0.408854165547118	-0.393519087755948	0.160190638018245	99.1401225886823	0.443001532111973	FBXW7	0.911387209068406	0.841523806356094	0.987050679469447	0.0225913650068137	0.913108578503875	0.819299533681842	1.01765867287939	0.100283401638055	FBXW7
35	ENSG00000110092.3	20248	0.495088594289257	0.00506454271200564	0.148891462746669	0.841285725831846	98.0366167792216	0.67086419226325	CCND1	1.00144142807724	0.970591844721741	1.0332715438763	0.92810827422012	0.998178487348652	0.938701100804302	1.06142444251097	0.953617351782427	CCND1
36	ENSG00000110367.10	9930	-0.141739700395894	0.000838030491856391	-0.22491679804213	-0.0585626027496593	92.4867627816655	0.0346879067299821	DDX6	0.890712180987558	0.806453842818167	0.983773834578273	0.0224529371592403	0.883003493700547	0.78534613088125	0.992804496295744	0.0374589559066681	DDX6
37	ENSG00000110619.15	4544	0.312900710544838	6.00620269886284e-07	0.190025142129978	0.435776278959698	96.8254716900982	0.0793409216515347	CARS	1.30688100750154	1.19509512760363	1.42912302821697	4.44998929923505e-09	1.36532646486498	1.13646260376577	1.64027953888124	0.000879493848472585	CARS
38	ENSG00000110713.14	5787	0.0180631316345944	0.722511412728551	-0.0816345678170458	0.117760831086235	94.5278848090547	0.0514887010709125	NUP98	1.11809442294208	1.00792048241251	1.24031127497471	0.0349427320072847	1.13545000790461	0.982286439154438	1.31249569276389	0.0857565878741141	NUP98
39	ENSG00000112576.11	37032	-0.20244676288597	0.166695996981962	-0.489371920640732	0.0844783948687909	98.6756682345841	0.454849585083557	CCND3	1.03396142439965	0.976986238572443	1.09425924842982	0.248146595142928	1.02253790195746	0.947419021629694	1.1036128018002	0.566979369503757	CCND3
40	ENSG00000113916.16	46093	-0.392120728373448	0.00291469938959543	-0.650316023434839	-0.133925433312057	96.3640292252694	0.354625877194589	BCL6	0.988900429841713	0.93720096648361	1.04345182635727	0.683704944854109	1.02278331519754	0.927408437995531	1.12796656466426	0.651948983602306	BCL6
41	ENSG00000114354.11	7795	0.407427084446042	1.34978308896914e-06	0.242175395783167	0.572678773108917	98.5029000716298	0.155655376100539	TFG	1.25038496930463	1.14435065883301	1.36624430579464	7.7209334324134e-07	1.29786095951515	1.14141995265649	1.4757434950329	6.93952038516019e-05	TFG
42	ENSG00000114423.17	9675	0.134956908790266	0.200691337584871	-0.0717591779022621	0.341672995482795	97.6506026545283	0.232942849946354	CBLB	0.970020870397343	0.905995841015989	1.03857042870224	0.382297328043349	0.966767754575368	0.889790434132038	1.05040451710229	0.424668022352197	CBLB
43	ENSG00000114861.17	186	-0.321552494668859	0.0480573866145499	-0.640356612987294	-0.00274837635042502	98.952912806291	0.575902870221728	FOXP1	0.987040075757658	0.930827293343565	1.04664755547954	0.662820214095574	0.977700804921224	0.90049892013761	1.06152138838493	0.591019942110523	FOXP1
44	ENSG00000117118.8	48536	-0.296526668315561	0.0261604537691096	-0.557870297141793	-0.0351830394893292	98.8765784535365	0.398546897822142	SDHB	0.946560956094476	0.871974550358113	1.02752728647243	0.189690919038387	0.958000457149771	0.851942528405097	1.07726148806927	0.473525592920731	SDHB
45	ENSG00000117400.13	5042	-1.03704188317889	1.63640993793189e-17	-1.27568789739943	-0.79839586895835	89.7104032132334	0.241249663216529	MPL	0.971087698172713	0.952337267250203	0.990207303621803	0.00318583897172694	0.97264587896191	0.943671785283298	1.00250958078351	0.0722528572621393	MPL
46	ENSG00000118046.13	51560	0.148980224952501	0.00874801745353715	0.0376057097624707	0.260354740142532	93.3467975520627	0.0637158478895996	STK11	0.901578397996931	0.842337161979316	0.96498604647182	0.00281023582728028	0.889870685974411	0.788626608308085	1.00411250319773	0.0583091169310387	STK11
47	ENSG00000118260.13	26936	-0.089681892781409	0.112365666881275	-0.200394807492232	0.0210310219294136	95.7120639192525	0.065718155445862	CREB1	1.00535493852509	0.907814295532266	1.11337589349612	0.918307428992552	1.02028880836034	0.859676815068432	1.21090767392918	0.818219342358459	CREB1
48	ENSG00000118503.13	2303	-0.141482389315101	0.439061747289174	-0.499854148574611	0.21688936994441	97.1377837630367	0.702644211826227	TNFAIP3	1.0078229787356	0.968219066080723	1.04904684492426	0.703221494857923	1.00840538133293	0.957467418700747	1.06205328060257	0.751623258010621	TNFAIP3
49	ENSG00000118513.17	26454	0.965068559992063	0.0028610469348451	0.330823658253339	1.59931346173079	97.1535378474797	2.1602728462165	MYB	0.990153236536275	0.964125315055089	1.0168838184352	0.466563775394408	0.990226106878115	0.944325339447346	1.03835797026991	0.685038160406868	MYB
50	ENSG00000118971.6	16550	-0.297405809180083	0.316796539539717	-0.879691740487667	0.284880122127501	99.1410104325912	1.91185951791041	CCND2	0.936004959940291	0.908590420790641	0.964246667129126	1.29776957531153e-05	0.915071232511568	0.870844948410466	0.961543569953119	0.000445557268616142	CCND2
51	ENSG00000119508.16	34408	-2.11638970390602	1.13453355384693e-19	-2.57346401296021	-1.65931539485183	90.5981360345167	1.00766076132166	NR4A3	0.996019324947056	0.969468542943238	1.0232972517666	0.772321813365312	0.988055692234176	0.948884435231813	1.02884399270166	0.560429241127194	NR4A3
52	ENSG00000119866.19	56696	-0.0993518488929877	0.778690989568997	-0.792264696391727	0.593560998605752	98.6541859494662	2.70168325483067	BCL11A	0.993780096458076	0.97136860827531	1.01670866414937	0.591875807324783	0.984683852766204	0.947183894512088	1.02366847189474	0.435906273921622	BCL11A
53	ENSG00000121879.3	9095	-0.178982012579493	0.0503716073809707	-0.35825390750227	0.00028988234328356	96.5997915446212	0.175058122382787	PIK3CA	1.10228089362773	1.03003234724597	1.17959709877596	0.00487063500725578	1.11490946161376	0.985453956610297	1.26137106585027	0.0841171491334478	PIK3CA
54	ENSG00000122025.13	5990	-1.33934241343943	3.4410180450007e-09	-1.78358746117012	-0.895097365708736	94.4270204153726	0.954716482501667	FLT3	0.954770135798608	0.938633219893889	0.971184476419816	1.02684989780556e-07	0.95815333530462	0.937267338786663	0.979504753834521	0.000143791188917175	FLT3
55	ENSG00000123080.9	31897	0.410262100771683	0.061350518700459	-0.0195165212049382	0.840040722748305	98.5997871905557	1.04373608644584	CDKN2C	1.00550692546695	0.965520024782331	1.04714987904049	0.790819679385218	1.02455776124914	0.939631400692651	1.11715998993015	0.582636112671617	CDKN2C
56	ENSG00000123268.7	44502	-0.0852082445785241	0.251427324991457	-0.230823931090299	0.0604074419332504	96.7840685445035	0.115292624114777	ATF1	1.12767700634105	1.03409745001943	1.22972494575479	0.00655715162392169	1.15800066122477	1.00117580483584	1.33939066937089	0.0481784246500764	ATF1
57	ENSG00000124795.13	40483	0.18659073288927	0.0579253686961694	-0.00626819607289605	0.379449661851437	98.1634443837535	0.206316212542857	DEK	1.07059611934926	1.00255716384173	1.1432525666403	0.0417306366137944	1.11169942765721	0.960590206728854	1.28657944750651	0.155443897394233	DEK
58	ENSG00000125618.15	24338	0.07542491627754	0.770466224502405	-0.431250197337425	0.582100029892505	97.53752331282	1.30289839921505	PAX8	0.989515167647883	0.965086351634508	1.01456233978121	0.408567254360788	0.99730896916172	0.959625024301588	1.03647274172982	0.890939163505304	PAX8
59	ENSG00000126883.15	38103	0.0230482251276702	0.527777326580643	-0.0484967641844702	0.0945932144398106	91.2478329772236	0.023296383892892	NUP214	0.911472078570138	0.822748250935361	1.00976373886966	0.0760616260149787	0.869681345934036	0.750559164809714	1.00770955699061	0.0632002099591598	NUP214
60	ENSG00000127152.16	53317	0.11497630233514	0.68574319140725	-0.44193897867817	0.671891583348451	97.7350846547408	1.69453434961689	BCL11B	0.94176512597439	0.916027256188696	0.968226159767082	2.1970233147633e-05	0.948343590654244	0.91256827558156	0.985521401521265	0.00686507229454397	BCL11B
61	ENSG00000127616.16	46711	0.5131292891452	3.96881543115504e-06	0.295112160737552	0.731146417552847	98.3455464556053	0.267855293934988	SMARCA4	0.95663518740684	0.890745177651456	1.02739919872237	0.223381683587892	0.944839451180078	0.836455268256795	1.06726757829709	0.361384401766926	SMARCA4
62	ENSG00000128602.8	34709	-0.120801866997105	0.625669857793331	-0.606149289295688	0.364545555301478	99.0620705688774	1.35123994904286	SMO	1.02455197063084	0.99304570349436	1.05705783412566	0.127996375423809	1.021369628677	0.976148539455168	1.06868563155977	0.360114286550615	SMO
63	ENSG00000129204.15	35075	-0.106354370405323	0.322998413778525	-0.317269656432274	0.104560915621628	83.0046718464605	0.195001162943972	USP6	0.974809151121486	0.944396317457001	1.00620138340751	0.114640287776855	0.966160743793631	0.915417696346974	1.01971655843329	0.21106488982411	USP6
64	ENSG00000129993.13	51735	-0.981211517979203	2.26275514817657e-05	-1.43507660826312	-0.527346427695286	98.15876315801	1.14200723521042	CBFA2T3	0.945330269557431	0.916770989637818	0.974779229101231	0.000328132064204834	0.938068456458579	0.887829337390768	0.991150429415547	0.0228173746108547	CBFA2T3
65	ENSG00000132155.10	7636	-0.222119928950079	0.0100997444315015	-0.391357926337527	-0.0528819315626318	99.1897538823022	0.1652196965376	RAF1	0.935414357437518	0.838096360051551	1.04403271724796	0.233584867422767	0.944187381919259	0.792885952629525	1.12436070940469	0.519239707661242	RAF1
66	ENSG00000132170.18	21639	-0.713257797197113	0.0107170835766569	-1.26109250766943	-0.165423086724793	98.8876944591303	1.63165291572238	PPARG	1.02391581570379	0.996864096453445	1.05170163252772	0.0836209118052478	1.03291665982936	0.978380793969653	1.09049240615626	0.241909907638651	PPARG
67	ENSG00000133703.10	31588	0.0288441641880203	0.744103649020601	-0.144346343798361	0.202034672174401	97.5117598763815	0.16518253277721	KRAS	1.06884778065669	1.00179262429735	1.14039128508859	0.0439944184732609	1.05527714971737	0.944939477460816	1.17849861211009	0.339647933869135	KRAS
68	ENSG00000133895.13	22384	0.462892865950019	6.45960125404868e-08	0.295056676222035	0.630729055678003	97.6881794819221	0.151140450943569	MEN1	1.07186686869598	0.97882064669914	1.17375802000351	0.134151289751355	1.10848717542018	0.96407274013561	1.27453434467835	0.148118311117277	MEN1
69	ENSG00000134086.7	36626	0.0448364076182684	0.577730978864866	-0.113017754290198	0.202690569526734	96.1932026263079	0.129729108892353	VHL	1.02009493420121	0.947001573412238	1.09882993228143	0.599948059742536	1.02107434205662	0.88601967410405	1.17671519321582	0.773256366055044	VHL
70	ENSG00000134323.10	21316	0.434239376352746	0.327415357917888	-0.434814705258204	1.3032934579637	98.4110490758597	4.13757048386013	MYCN	0.988458508814823	0.971494534167735	1.00571870379636	0.188734010675109	0.988326449360262	0.96660791380727	1.01053297469673	0.300321910920966	MYCN
71	ENSG00000134574.10	46108	0.314478301172211	0.0519231506670585	-0.00261993214725181	0.631576534491673	98.9052302139991	0.571050719870222	DDB2	0.84475695794017	0.794274097816835	0.898448432285268	8.0476529260852e-08	0.842089562763854	0.755894288358865	0.938113758281452	0.00181168832049448	DDB2
72	ENSG00000134982.15	44363	-0.406686600714328	5.0622282743454e-06	-0.581403285555043	-0.231969915873612	95.8762010559189	0.165202193385148	APC	0.944496746754776	0.886583746743052	1.00619271209006	0.0769374095736299	0.961877765766188	0.867469784433593	1.0665603031689	0.460871355315669	APC
73	ENSG00000135363.10	55723	-0.796381867598062	1.15432893044105e-05	-1.15225636300688	-0.440507372189248	98.450089265489	0.705740202845269	LMO2	0.886710828170679	0.84805376003937	0.927130012086298	1.24468208620276e-07	0.881779112965787	0.826385948790337	0.940885315391535	0.000144268685323655	LMO2
74	ENSG00000135679.20	40952	0.25271016506872	0.0149660066306397	0.0491499568385322	0.456270373298907	97.6734641032457	0.230528996363666	MDM2	0.998254729607167	0.953320241866946	1.04530719208432	0.940744453321967	0.978584457639533	0.904977133834259	1.05817871516414	0.587407545036817	MDM2
75	ENSG00000136997.13	11124	-0.0755296685411594	0.780998266618636	-0.607996054194708	0.456936717112389	98.1295322016666	1.58402226141666	MYC	1.06446306197957	1.02550284508995	1.10490342932158	0.00102461727190841	1.05962406109414	1.00134616977144	1.12129369916691	0.0447950577558016	MYC
76	ENSG00000137193.12	46613	-0.306552785396203	0.0221693710593607	-0.5692171144101	-0.0438884563823072	93.1214546673379	0.326615278809837	PIM1	1.08737567891854	1.03892303606107	1.13808802583336	0.000315982056669846	1.09219857207392	1.01006038029539	1.1810162482479	0.0270422045372298	PIM1
77	ENSG00000137265.13	36636	-0.699271530139818	0.0103392967643107	-1.23374988599782	-0.164793174281815	96.0918888642906	1.49952897813996	IRF4	0.962839230423616	0.941663001593928	0.984491672789026	0.000845505717848015	0.967573283097705	0.932935579221786	1.00349700345377	0.0763481892965841	IRF4
78	ENSG00000137309.18	52771	1.29174126581386	1.36408457553349e-09	0.873934688230816	1.70954784339691	98.0670747193509	0.948033370279706	HMGA1	1.1769426624224	1.12875019434466	1.22719272835577	2.21461830514726e-14	1.14959452742764	1.06482562428063	1.24111173450057	0.00036088893518732	HMGA1
79	ENSG00000138413.12	55607	-0.0986941607908643	0.707504093151047	-0.614237087754411	0.416848766172683	99.250285175613	1.5318876669482	IDH1	1.0226430404959	0.971371818690266	1.07662047441811	0.393559434191478	1.07352879485406	0.976661803875949	1.18000321995514	0.14141949120074	IDH1
80	ENSG00000139083.9	53357	0.298395894604457	0.012253809093923	0.0649014194738311	0.531890369735083	98.1088394960481	0.297952781419656	ETV6	0.923523699424496	0.861140770113104	0.990425785190366	0.0257762970886525	0.930212226973332	0.791119468619985	1.09375994591574	0.381337341490288	ETV6
81	ENSG00000139618.13	2595	1.44055889361347	4.01715633247379e-16	1.09361512806779	1.78750265915916	96.9700105236175	0.646773791852006	BRCA2	1.06716494692721	1.01872229166096	1.11791116506673	0.00609656136574451	1.08281095772423	0.983596926460071	1.19203256804328	0.104664968719548	BRCA2
82	ENSG00000139687.12	16314	-0.0160130117235843	0.867416575664645	-0.204013268828318	0.171987245381149	97.4986172896857	0.197204762352282	RB1	0.947872004565826	0.897938898157452	1.00058182008069	0.0525137086090921	0.947166290997303	0.881287488710652	1.01796972530962	0.140010806691851	RB1
83	ENSG00000140464.18	3985	0.449674558780611	2.24396173728635e-07	0.279461584523659	0.619887533037563	96.9994038777927	0.158725847548067	PML	1.0538621138618	0.989593997066911	1.12230405431428	0.10223181496477	1.07500361020554	0.952737002020296	1.21296093203518	0.240384269120412	PML
84	ENSG00000140937.12	2105	0.119408074433533	0.696183222451458	-0.479948632554882	0.718764781421949	98.7868309199194	2.0287066816453	CDH11	1.06141793728333	1.03089045645693	1.09284942015938	6.24854774423343e-05	1.06097450076401	1.01711211972987	1.10672842200562	0.00600286664119351	CDH11
85	ENSG00000141380.12	42426	-0.0252132580174497	0.625910077337556	-0.126583393518447	0.0761568774835477	97.1110207038533	0.0559653429846927	SS18	0.941959273600922	0.858787286186104	1.03318631679242	0.204884154024277	0.920476449460664	0.797514071294315	1.06239742282745	0.257369144257318	SS18
86	ENSG00000141510.14	56066	0.370188519508568	0.0046015724980442	0.11414098748096	0.626236051536177	97.9467091529672	0.355586907985178	TP53	0.941230332634107	0.902456095219907	0.981670514236636	0.00477447777353449	0.942298217859062	0.883902302925396	1.00455211898606	0.0686341529426585	TP53
87	ENSG00000141736.12	59002	0.135734744818181	0.411952505564524	-0.188515559481781	0.459985049118144	98.0001523687075	0.553028949415803	ERBB2	1.00100102646517	0.964486562284799	1.03889789051146	0.957913743081944	0.96704011743184	0.890502463163436	1.05015609434755	0.425642294628033	ERBB2
88	ENSG00000142208.14	22206	0.0622213083576548	0.470062070739937	-0.106598219549014	0.231040836264323	98.2219769776434	0.159514612390312	AKT1	1.03686709053886	0.948150639047225	1.13388455290486	0.427597675580816	1.01703835372602	0.899897652684803	1.1494273930638	0.786697527471809	AKT1
89	ENSG00000142273.9	16466	0.253879431857798	0.646556087361829	-0.831264252664321	1.33902311637992	99.3514127502441	6.08507281267412	CBLC	0.994742593033947	0.977407061930276	1.01238559136428	0.556761227463013	0.999626589342654	0.96609884902579	1.03431788489187	0.9828813664674	CBLC
90	ENSG00000143322.18	34719	0.32164146830479	0.00112867161241981	0.128046848911715	0.515236087697864	96.9355486556507	0.202115309423558	ABL2	1.25267689280594	1.16931530511261	1.34198140647687	1.43793362577496e-10	1.27687777118964	1.15089765906826	1.41664797882911	3.99261852065509e-06	ABL2
91	ENSG00000146648.14	19791	-0.142216914405834	0.652157074683183	-0.760584443320179	0.47615061450851	99.377738271711	2.22467916698756	EGFR	1.03063006080516	0.999363118478999	1.06287524783973	0.0549295903131151	1.03510401458833	0.971496753917284	1.10287586314272	0.286298379002358	EGFR
92	ENSG00000147257.12	52565	-1.46593670491969	0.000778256015355664	-2.32094524759684	-0.610928162242542	99.0098946169945	4.18378895117162	GPC3	1.01436421293065	0.996199745361567	1.03285988705103	0.121869790941839	1.01414578863928	0.98584879822834	1.04325499251313	0.330622066343109	GPC3
93	ENSG00000148400.9	50678	0.0301724558396268	0.81552206520421	-0.223298781562528	0.283643693241781	96.8729541185124	0.356184274157258	NOTCH1	0.982400563497773	0.938110686802156	1.02878144417118	0.450608500423582	0.9776786703863	0.913875087240929	1.04593679800829	0.512080797641822	NOTCH1
94	ENSG00000149311.16	48188	-0.197944147589128	0.0307841743457652	-0.377569189614962	-0.0183191055632947	95.7580009873428	0.169557557137514	ATM	0.969618447227789	0.911492890812182	1.03145064836074	0.327984499137098	0.969618447227789	0.911492890812182	1.03145064836074	0.327984499137098	ATM
95	ENSG00000149948.12	24475	2.37706132007499	8.77010443327227e-08	1.50631359601106	3.24780904413892	97.8459019617032	4.15249747870345	HMGA2	1.05880809950206	1.04394962897347	1.07387804972308	2.28275162120929e-15	1.06036138550151	1.0331430381143	1.08829680536286	9.98524310782544e-06	HMGA2
96	ENSG00000151348.12	23950	0.136033035443636	0.0506152004912528	-0.000364391691885846	0.272430462579158	97.7171794155679	0.102354583264175	EXT2	1.25560720936707	1.1604171483447	1.3586057965995	1.52578138836588e-08	1.28149861432584	1.14643082431472	1.43247953883368	1.27274615080624e-05	EXT2
97	ENSG00000157404.14	20953	-1.45276211288742	1.96115963095512e-05	-2.11970589771965	-0.785818328055184	98.6061226871316	2.56244343795477	KIT	0.979031070411944	0.955349114492516	1.00330007354549	0.0898380280659483	0.977521499392852	0.93700911712403	1.01978546879898	0.292458506024051	KIT
98	ENSG00000157764.11	33064	-0.0411395253728907	0.586907155944703	-0.189544670670595	0.107265619924814	97.0541431434668	0.119695753467962	BRAF	0.928196984367154	0.853676700972593	1.00922239157601	0.0809891784494666	0.948471578802558	0.844733628016617	1.06494912237414	0.370692091406502	BRAF
99	ENSG00000158711.12	41493	0.152288953189817	0.0259621309221737	0.0182473484258552	0.286330557953778	94.5297492010619	0.093154513425477	ELK4	0.990404810177556	0.91882218542874	1.06756421816821	0.801126532501999	1.02446393500527	0.910092527746388	1.15320840697964	0.689032551548585	ELK4
100	ENSG00000159216.17	41139	0.956722870869554	6.36519878504782e-07	0.58017268255997	1.33327305917914	97.3378714800263	0.749613893311008	RUNX1	1.02621664066816	0.977083321794209	1.077820662879	0.30121882814308	0.995588032351471	0.891707242336791	1.11157057283057	0.937314337122539	RUNX1
101	ENSG00000162924.12	50402	-0.258751809505601	0.0290677525426314	-0.491113223721197	-0.0263903952900062	94.6949479846008	0.278765023857937	REL	0.957535096183159	0.914242603694601	1.00287763523299	0.066027781726341	0.962051651415805	0.911012708419267	1.01595002071686	0.164224383229347	REL
102	ENSG00000163497.2	28357	-1.35666842030948	0.0770318809729572	-2.86049202425259	0.147155183633634	97.379206859493	12.6268668411629	FEV	1.01090850831741	1.00113909385642	1.02077325564423	0.028543406240648	1.01090850831741	1.00113909385642	1.02077325564423	0.028543406240648	FEV
103	ENSG00000165025.13	27513	0.0901347976656811	0.62507771062327	-0.271381490104673	0.451651085436035	98.365438657872	0.707934002758615	SYK	0.944737171395823	0.906633942082849	0.984441770364936	0.00679971419652639	0.944737171395823	0.906633942082849	0.984441770364936	0.00679971419652639	SYK
104	ENSG00000165392.8	34244	0.0149797756769998	0.886198672167566	-0.190167431217816	0.220126982571816	97.6001629298651	0.23574285055469	WRN	1.01736682688256	0.955371338410457	1.08338529619611	0.591449964844881	1.01628556898742	0.941112505961418	1.09746321634198	0.680329359786651	WRN
105	ENSG00000165556.9	18861	1.53139389298341	0.00546424648346517	0.451069195136272	2.61171859083055	97.2649939873417	6.19524767364082	CDX2	1.01841306294991	1.00887412030981	1.02804219665039	0.000144673792028222	1.01870962066544	1.00770504959698	1.0298343663668	0.00082267796648064	CDX2
106	ENSG00000165699.12	17662	-0.0502308314381939	0.598181387022064	-0.237037924905498	0.13657626202911	97.695211707882	0.196748391469146	TSC1	0.910197641975933	0.840112287648672	0.986129782457131	0.0213567380850058	0.892749385767687	0.7885522652188	1.01071482632472	0.0731890261181675	TSC1
107	ENSG00000165731.16	44371	-0.722011945537434	0.0398219699786102	-1.41043561988467	-0.0335882711901966	98.1500764438912	2.68572397805731	RET	1.03747486501296	1.01626613883794	1.05912620169007	0.000481061503178151	1.03314830726267	1.00263638487316	1.0645887590991	0.0329982013161193	RET
108	ENSG00000168036.15	53905	-0.0441715753340618	0.607808895718423	-0.212866210047369	0.124523059379246	97.9754409654285	0.160439069492487	CTNNB1	0.994133941485714	0.923518096419399	1.07014935326736	0.875639403823989	0.987391847916754	0.853952542566523	1.14168248554224	0.864002224103111	CTNNB1
109	ENSG00000168769.11	43228	-0.10342595448061	0.195548682708969	-0.260039713601983	0.0531878046407638	94.9833275127335	0.129521765435113	TET2	0.89688115700171	0.841245465218019	0.956196310165259	0.000865840533067302	0.895938997765485	0.827386911589187	0.97017087951662	0.00681781320108528	TET2
110	ENSG00000171791.11	35461	-0.63904373048192	0.017044980584889	-1.16404007518547	-0.114047385778371	99.3081177184559	1.57881503297334	BCL2	0.896159284920655	0.864668216924134	0.92879725220658	1.88968973972813e-09	0.885665601572973	0.827185441210088	0.948280178459276	0.000494609842777879	BCL2
111	ENSG00000171862.8	40590	-0.466678288096523	3.64959659660223e-11	-0.604895474472367	-0.328461101720678	96.5062448832308	0.105877237195804	PTEN	0.92190622370193	0.861929809060951	0.986056029581234	0.0178317415155131	0.916688196415151	0.821780413022079	1.02255692169227	0.118772353587742	PTEN
112	ENSG00000174775.15	8008	0.555036007783173	1.19616466435543e-09	0.376135488100515	0.73393652746583	95.3399069703891	0.165209918607173	HRAS	1.01300030104271	0.958647306287168	1.07043497977057	0.64619866051105	1.00627229798585	0.933990846484289	1.08414760327177	0.869411126309675	HRAS
113	ENSG00000175197.9	57871	0.52729830963631	3.83174444844285e-07	0.323741326618939	0.730855292653682	94.8417449014478	0.216494300982845	DDIT3	1.08646464770215	1.03967387356825	1.13536125194268	0.000222319460909152	1.09136673401561	1.0329186744391	1.15312209720933	0.00185031706580713	DDIT3
114	ENSG00000175832.11	25704	1.7611878981508	7.73777525754041e-05	0.887824279650608	2.63455151665098	99.0253331850822	4.37367389570122	ETV4	1.06078666384016	1.03436135595284	1.08788707128811	4.54407532782182e-06	1.05385296991242	1.01319064864598	1.09614718974898	0.0089830344151391	ETV4
115	ENSG00000177606.6	35165	-0.815730785431174	1.55342155907384e-06	-1.14852092675524	-0.482940644107111	95.5750541089291	0.580448750992301	JUN	1.05361224098628	1.00744975801524	1.10188994093672	0.0223327776636028	1.05590417708466	0.986407297727772	1.13029742759723	0.117353886506799	JUN
116	ENSG00000178573.6	32403	-0.660052721769392	0.00082285568927928	-1.04680413328316	-0.273301310255624	98.0268239558479	0.834025806250529	MAF	0.995026313474251	0.956101831514314	1.03553547527258	0.806535907609237	0.992965742165953	0.947595436440047	1.040508351137	0.767358551881148	MAF
117	ENSG00000178691.9	56511	0.218196554819865	0.00145238292313986	0.0838834538641206	0.352509655775609	97.1064561163907	0.0967380060671763	SUZ12	1.04932085272314	0.972183695496852	1.13257839753925	0.21652808702162	1.04610574170365	0.938584801547098	1.16594389875216	0.415324429551351	SUZ12
118	ENSG00000179295.14	10863	-0.136236001015225	0.0529584595922159	-0.274211117753261	0.00173911572281119	95.2292377456542	0.098781833970885	PTPN11	1.07382033609756	0.996168764681847	1.15752486435865	0.0629233815515168	1.07382033609756	0.996168764681847	1.15752486435865	0.0629233815515168	PTPN11
119	ENSG00000181163.12	44537	0.417280551387679	9.73748696622055e-06	0.232367763344423	0.602193339430934	97.9169798545179	0.186085340488688	NPM1	1.17738923558632	1.09743316244118	1.26317069641937	5.33565888180604e-06	1.19837127031281	1.05789454315553	1.3575017574318	0.00444568830063917	NPM1
120	ENSG00000181690.6	3515	-0.0244317251892264	0.926875567175251	-0.546191322655026	0.497327872276573	98.1383734160429	1.48577737790686	PLAG1	1.05081995266889	1.02539915829492	1.07687095702632	7.26606886588546e-05	1.0345828682007	0.993975566849506	1.07684911669105	0.096075985986962	PLAG1
121	ENSG00000182197.9	35097	0.0924290194595342	0.45251988933557	-0.148721906300105	0.333579945219174	98.3440846963088	0.322049561216221	EXT1	1.14240484220834	1.07264203292975	1.21670490567708	3.45475834797048e-05	1.17959827399631	1.07314172374138	1.29661540245025	0.000619919368870902	EXT1
122	ENSG00000182866.15	42291	0.204000630968754	0.251714328012985	-0.144835094626818	0.552836356564326	94.0629071928122	0.623017187320629	LCK	0.93026244985098	0.903766096741187	0.957535615380105	9.4300682028256e-07	0.934410401432091	0.887073548385691	0.984273288154521	0.0105403491056598	LCK
123	ENSG00000182944.16	51680	0.140741247268649	0.00111736692997882	0.0561039480113305	0.225378546525967	93.8141888452445	0.0358543131505889	EWSR1	0.964680077079957	0.854516995304903	1.08904522230472	0.561097410551369	0.894591509930321	0.697522281106521	1.14733821602065	0.380289547166098	EWSR1
124	ENSG00000183765.19	9734	0.936351574060589	2.12563159902967e-06	0.549264997791643	1.32343815032954	98.8277919194564	0.853877291932237	CHEK2	1.02510395122811	0.968595211229883	1.08490946335484	0.391431861538895	1.01222964866193	0.881392282321888	1.1624890326145	0.863334625461919	CHEK2
125	ENSG00000184384.12	15922	-0.437005253934541	0.0385905353398574	-0.851075140014794	-0.0229353678542875	98.9577644491227	0.989416542819668	MAML2	0.973055225992656	0.930816870609524	1.01721026200525	0.227686240717286	0.976477946783861	0.902499401442629	1.05652056835834	0.553739813696098	MAML2
126	ENSG00000184937.11	13766	-0.485194799912629	0.613656843163379	-2.36881294324748	1.39842334342222	98.7079987726415	19.8315134527096	WT1	1.03523120087093	1.02355575305518	1.0470398276379	2.1870594965982e-09	1.03465313679736	1.01666656564313	1.05295792117195	0.000140497249530547	WT1
127	ENSG00000185338.4	44774	0.184048663988755	0.395992903056199	-0.240938366808623	0.609035694786132	96.9558420619856	0.972421515472019	SOCS1	0.971442625370478	0.939752722929418	1.0042011599019	0.0868580123954187	0.950731183945633	0.891673389677985	1.01370052598866	0.122565223739674	SOCS1
128	ENSG00000186575.16	58844	0.167080792524533	0.0624926355958539	-0.00871645657503073	0.342878041624098	97.9313807289797	0.175572039994255	NF2	0.932382318128796	0.865884652707032	1.00398682947134	0.0636581872727442	0.91221611506386	0.823374871163907	1.01064323156463	0.0788402346258398	NF2
129	ENSG00000186716.18	20646	0.0953297533261684	0.375526790287931	-0.11551378799855	0.306173294650887	98.0263420062486	0.244757692516544	BCR	0.880543610498229	0.820365773692023	0.945135785589631	0.000427869655525083	0.849888556818317	0.764313361833576	0.945045049687357	0.00266606991464399	BCR
130	ENSG00000187098.13	25028	-1.05227830757087	0.000103276319223315	-1.58345358459207	-0.521103030549663	99.2827253208952	1.61346939611107	MITF	0.970717798214993	0.934208804379177	1.00865356797569	0.128650909211117	0.957668269634781	0.896371542364095	1.02315666140676	0.199968838384408	MITF
131	ENSG00000196712.15	37858	0.014941333171941	0.831982870837227	-0.123089358366237	0.152972024710119	94.7798237280987	0.0996385923586259	NF1	1.00351280319212	0.939034737194255	1.07241820380303	0.917571829627467	0.999550315438989	0.924474006850995	1.08072355273393	0.990991724567531	NF1
132	ENSG00000196914.7	23333	-0.43037966114923	5.37295278848991e-12	-0.552712497638866	-0.308046824659595	91.9630428402536	0.0690696982540063	ARHGEF12	0.935630149102649	0.873866944507244	1.00175865606573	0.0561930588281358	0.937187506976823	0.832883017772256	1.05455436656964	0.281210879944535	ARHGEF12
133	ENSG00000197299.9	21409	1.76733706821734	2.93719804041464e-15	1.32850804155187	2.20616609488281	97.958318517405	1.06524616406413	BLM	1.12761061320116	1.07712163779778	1.18046620770106	2.76742709081194e-07	1.13956444050773	1.01736720260206	1.27643894038291	0.0239779655011477	BLM
134	ENSG00000198286.8	58164	0.686114335790753	0.000370983842977719	0.308363240062209	1.0638654315193	94.6905165719064	0.73733359385413	CARD11	1.00054304882116	0.973687728514935	1.02813906679424	0.968803258876415	1.00289545138594	0.955047777186146	1.05314028306938	0.907715774549741	CARD11
135	ENSG00000198400.10	35695	-0.539834638392637	0.0780507022293898	-1.1402831954187	0.0606139186334277	97.3779412959039	2.02855315612863	NTRK1	1.00876842363972	0.986430642906488	1.03161204474974	0.444786302840336	1.00879562061389	0.969806287487094	1.04935245038129	0.663236041874202	NTRK1
136	ENSG00000198625.11	20573	0.229511885738746	0.0050726242195198	0.0689932656013877	0.390030505876104	95.1789712129681	0.132189031627548	MDM4	0.972078417389226	0.914663638222268	1.0330972065212	0.361931383104566	0.978492601536629	0.879452086476116	1.08868667888245	0.689653632735133	MDM4
137	ENSG00000204103.3	16676	-0.146936705921003	0.458658723634585	-0.535558028186896	0.24168461634489	97.9451814095595	0.841438905633791	MAFB	0.986746609741591	0.952289962303983	1.02244999987274	0.461907571657286	0.991088482921661	0.945922088589472	1.03841150643249	0.706812564290795	MAFB
138	ENSG00000204370.7	34854	-0.507391066954074	0.000286298680073828	-0.78154623690615	-0.233235897001997	98.9416115399582	0.437609985169026	SDHD	0.922251436847956	0.857812882209732	0.991530589488353	0.0285157398924088	0.93697393365212	0.839455426764502	1.04582104582643	0.245653086400963	SDHD
139	ENSG00000213066.10	16778	0.111710560279966	0.350781557405432	-0.122942405861405	0.346363526421336	98.1526085395822	0.307719319183407	FGFR1OP	0.938620591232086	0.8780597418803	1.00335839609074	0.0626822391466508	0.922679632355875	0.83342243940009	1.0214960189663	0.121081738077486	FGFR1OP
140	ENSG00000213281.4	23415	0.24182742044126	0.0150109470992747	0.0469463947458349	0.436708446136685	97.5549956425152	0.204882875500407	NRAS	1.10108219432312	1.02469485074779	1.18316394170485	0.00866565412003268	1.15881382211348	0.975465323542508	1.3766245113097	0.0934854795577571	NRAS
141	ENSG00000245848.2	47831	-0.0649799326436472	0.779041492264991	-0.51890970225371	0.388949836966416	97.6559026227856	1.13303929007987	CEBPA	0.949877086214278	0.919654076170287	0.98109332877883	0.00182731802991252	0.94637257251488	0.904009433683193	0.990720906926175	0.0183273561303853	CEBPA
142	ENSG00000266412.4	50628	-0.523030048673727	3.55649224321646e-14	-0.658336861004885	-0.38772323634257	95.3808838945785	0.0971258204328235	NCOA4	0.851883559739136	0.791826373461033	0.916495867877953	1.72602211783441e-05	0.876307711711193	0.74959518906119	1.02443988009883	0.0975287661543327	NCOA4
